-28.60112
68.57461
-110.72707
-66.80918
-111.91806
111.90909
-169.14252
63.45471
39.42541
98.85528
113.79726
-179.07569
2.76652
-189.94305
-108.11795
111.65754
114.33588
-103.66735
71.95621
102.47397
-171.97623
-101.74256
2.57299
-52.69455
-185.96431
-150.63097
18.82849
129.32575
189.66394
190.27427
-155.39095
96.33597
-35.8042
-37.46953
116.17626
196.61846
8.29089
113.6608
194.0548
88.8143
-75.26233
37.38787
-117.63887
161.14034
-158.96317
-62.39662
15.87773
-124.71622
13.97778
-120.15396
-54.21646
-190.35438
131.48356
-138.49636
89.30018
111.98192
-26.89817
-33.32954
-135.74713
15.16051
-3.13584
-172.11183
37.01759
-30.847
-180.27197
-168.12616
-89.58182
-28.14536
-109.77139
84.94212
164.81896
-42.96272
-110.25251
-151.37336
121.83682
94.46642
155.97145
-136.10903
3.72078
57.28423
-198.20109
-5.022
-18.24163
-177.1232
45.5057
72.31601
-15.07471
94.87233
11.96742
-24.50213
-64.29421
24.70782
-179.80337
28.03027
93.73876
-80.92969
78.02957
10.08403
125.53724
-166.70563
-84.64106
-21.13072
-159.14996
-193.34835
82.80068
-23.46567
-112.80431
-14.60045
-138.2567
-156.38428
-151.81574
133.32853
-109.74861
-150.25722
111.3056
-14.86529
87.75704
86.7486
156.71911
26.38171
-80.88723
111.94192
-139.65642
165.05575
-35.08971
115.89075
-151.08214
-105.2691
-103.32881
-34.77209
63.82904
-155.00692
93.69808
-44.63436
-192.03724
97.19042
85.88557
-64.43813
6.53044
68.00941
-139.15689
-105.51308
-184.85077
-83.66766
-124.06898
-32.57611
-105.28077
132.67948
-11.53505
54.22734
-172.81598
63.01599
-180.43135
177.53277
-156.93303
-103.68342
49.47206
174.53862
56.85126
-85.51336
142.51748
-119.14062
-45.23238
-169.05934
-198.65755
4.48443
85.62842
-4.99098
59.33329
165.9306
24.37988
183.43505
-110.28206
10.04262
161.45012
-118.97888
-32.36714
-55.56115
-81.04694
-80.55943
31.07532
-199.62069
46.2904
151.27625
121.0628
-186.68316
-28.50636
-23.9431
139.69564
-67.6752
-171.18945
-99.03159
-91.59181
141.1526
-114.38105
182.20893
49.07414
70.26042
140.08291
-33.29699
5.92777
-149.40064
48.98578
94.49132
-36.0508
198.46238
31.39991
73.32108
54.31261
-71.69592
88.10928
102.39546
8.57056
123.5785
1.74237
112.20649
-41.37944
93.56982
0.75684
142.65663
139.0646
-117.38403
-127.03395
156.15684
100.6224
-112.78433
-103.52776
-102.40835
161.13581
-181.24947
-170.91372
-99.07755
-156.21466
25.01371
70.57371
-125.98148
199.58648
-42.75684
-130.2488
136.13092
-140.11581
-48.56684
87.3339
61.25167
-132.89911
-128.86084
-16.88173
101.56664
-90.93655
125.4025
21.55481
73.35171
-95.16136
-185.79099
-110.85578
-44.92917
-57.52356
-11.29322
-145.49708
-81.18951
-116.85
143.93731
-22.21089
83.24713
-46.24445
98.0325
-85.42312
-89.21254
-119.1384
-23.8413
159.31946
-125.31363
144.04213
175.16462
-131.33671
-132.85424
167.82129
59.82501
-128.81921
187.08893
83.39924
-103.88814
49.3616
-118.95524
-133.68518
-82.66258
70.44731
-127.24278
6.08872
-146.2941
-23.76762
127.82722
12.83921
-161.99546
-161.26277
138.65956
114.33562
129.35417
137.43649
-61.99019
121.02885
71.23128
-64.40437
67.53773
-4.31019
151.61549
154.13431
1.56735
-96.86853
176.60292
-174.84859
50.72159
162.32951
-14.54203
-101.66798
-137.60073
-75.32974
-18.23021
147.73287
58.66744
46.69537
122.83216
-176.49341
-44.14509
31.53628
-195.80849
106.30268
-52.52873
126.3773
59.60198
-77.15957
-169.62939
19.76381
32.21802
21.10553
39.50582
-111.33844
-65.33835
-166.29947
-27.15356
-46.7112
196.33178
-117.81423
20.81513
-69.10877
11.90175
56.01123
86.86072
130.87023
-19.45227
-126.99484
-71.46959
-108.34922
113.19276
161.98753
101.8225
16.50943
-83.16436
-96.81028
31.46073
-122.09639
132.32289
34.36354
-152.14835
165.77902
-26.28743
-93.78583
-76.81951
-32.11175
-88.52161
-66.44914
43.60769
-44.63383
-15.6549
123.83295
50.16976
-93.75765
-94.1807
-18.29026
53.70003
-119.98119
-54.49082
-128.68173
168.80546
50.29488
-141.36497
-141.95219
-150.34732
169.50739
75.50739
14.17594
93.0728
176.40236
47.57514
17.37436
-42.22473
23.32332
-179.71508
73.81181
-169.83677
-196.35182
145.82714
138.85131
26.97358
53.69418
30.66313
-63.35535
172.50057
5.73743
129.88971
118.40266
45.31145
-148.05945
-14.22652
-76.94611
180.39715
-153.97247
-194.94381
89.23938
29.08509
30.96774
129.29337
-49.91331
146.64657
-42.79622
-62.61059
-196.16797
-164.92673
-124.13191
-119.95748
-187.19493
-43.93655
-176.51105
-181.41984
-123.58148
31.39552
126.70258
-172.28856
-7.54335
145.57191
85.71982
164.12581
-76.61192
-119.28921
-110.71875
-185.5863
-175.08804
90.38179
92.40147
-135.15685
-103.19703
-71.21473
-145.63883
134.80701
-183.86976
-151.49899
113.74627
-103.5101
16.42442
-61.72552
164.14237
-194.67574
83.86507
167.73594
62.87269
-108.05381
-26.78392
128.19749
67.70715
-115.47163
-58.02741
12.82267
189.07549
-49.94611
180.84936
180.82621
183.28791
-63.18388
-26.53131
25.17188
-82.28458
160.64678
105.12907
-132.89102
91.88761
-117.29487
-25.75228
-22.55513
-100.52362
92.9429
-118.92123
147.97116
63.76721
-194.60593
164.36001
-180.27682
116.64742
57.26391
197.11747
129.52696
139.28182
-145.40931
-43.55568
-43.42888
125.61971
-2.61845
85.95535
-167.34615
139.06004
-129.14064
-51.19719
79.9787
11.42205
42.69116
38.62891
130.72561
-36.18931
-77.34929
77.7944
77.6704
-179.33022
187.14731
-50.00458
-89.48979
179.95091
-108.3765
-7.63737
150.02967
-188.02833
53.70351
53.79905
-113.59964
-145.17777
25.60485
-73.89456
-46.44033
-46.86721
-199.71007
46.48704
22.78357
172.10889
-38.43628
95.24213
36.2519
138.304
105.52366
-152.02242
4.15955
-114.08061
-17.25762
106.67078
-89.63025
-110.48277
-155.83342
84.10297
67.87364
-78.11899
65.27077
124.16327
-67.43772
-93.70839
-54.85709
182.03899
-28.37104
-86.65762
-142.62338
187.59444
170.881
80.30738
119.86161
80.07046
-180.8298
151.10536
-80.6923
-89.46908
-158.19204
-22.4835
7.16156
-16.59357
-133.15802
178.74809
84.81344
121.3994
-163.90491
98.69921
-39.39661
28.0723
-143.45629
-16.10654
-79.0634
-101.43064
-41.77429
-159.70865
49.06327
-192.10475
-153.2862
-10.07063
-72.78356
93.31354
115.70931
-118.66223
-199.83663
105.98295
61.06122
133.0603
-159.34588
125.6716
-14.68642
-42.95528
-76.69907
140.58452
-164.22417
-77.37724
-99.2077
149.91121
15.68639
145.11028
144.14549
-174.09252
140.74607
65.02886
-89.93648
170.09353
-45.46158
-124.62836
-7.21474
196.25653
38.38826
135.94418
51.43494
-18.01655
43.4378
-97.26176
42.20792
-100.52603
-6.31479
5.68238
-97.83128
-155.30985
-27.1355
-188.57185
88.59769
71.51364
58.06473
122.20164
-134.77045
98.4539
-121.97199
197.54701
-192.35014
109.42921
-12.37042
25.32956
-149.30621
88.42904
-87.23261
-144.0652
-9.25192
196.15896
-89.65495
20.58944
-163.48347
-103.59724
134.51374
34.29254
123.63271
-51.80387
181.24137
15.29541
-198.81651
114.50065
-180.17693
87.89267
162.67692
100.79928
102.84032
-198.895
176.29684
126.97954
-182.20634
-14.34196
183.39218
-46.11789
-30.47591
-183.70673
-117.40946
116.10021
-20.33848
90.58166
195.46516
14.2607
-27.09248
-160.92781
67.2707
19.96368
-187.5939
123.71046
-49.75317
173.84401
140.81983
86.65372
22.30171
80.87969
159.78702
42.43996
18.9297
-103.08818
156.32305
119.88879
-1.27454
132.35761
-107.02815
114.85219
169.22152
143.80022
175.18326
179.13229
173.1142
85.94115
105.89204
-158.19676
-182.89144
74.15723
168.25748
-90.88087
180.7944
8.98498
150.03134
101.82207
35.38778
113.43703
114.10248
135.02046
111.80161
-62.87291
55.0214
30.70869
-2.0166
-75.77958
-103.28216
179.29032
-65.84997
-38.82328
-74.97431
33.83096
-13.90949
-24.17289
-50.38519
190.40686
151.41458
161.80701
199.87233
-75.39586
48.11062
64.01945
-197.70084
-124.16095
-187.34663
-125.51609
-134.63212
171.83452
-26.68342
55.45295
176.7228
78.29033
198.25064
83.45168
-138.23358
-180.24956
-181.15848
-194.17178
106.49347
-74.44179
9.3885
179.80388
-44.20162
-166.19024
-58.42268
-59.67694
-123.2718
-70.81584
159.85024
-164.77163
130.80618
132.62429
-147.85438
-132.3729
-109.41171
63.87711
190.32906
-173.84078
-88.20436
-169.27423
-175.91188
-41.64624
11.49018
-89.60711
101.61766
-76.63391
171.04907
-173.4336
-121.5531
-58.19208
-182.98594
169.01778
36.14622
-81.29945
-119.63001
39.22219
-60.91304
-5.67146
-71.51531
83.46667
-73.64083
-13.91508
-146.29077
-180.61457
-120.77826
46.8772
-5.22757
11.60025
-16.57045
-109.84802
150.77209
190.11082
186.35276
31.70544
-25.53611
-197.0443
-155.60163
-33.24256
106.9607
-71.54497
135.30691
-91.65442
173.2136
-97.36085
108.4855
189.97812
-59.10275
-137.01749
-26.40926
151.74361
-82.1275
106.07294
-145.08504
-186.66168
-117.33024
71.78013
130.06514
-50.55531
-134.45461
169.02672
163.84274
190.80728
74.52975
132.09692
-190.35459
-0.0279
-65.31104
-124.53565
-108.09008
-84.41437
-181.63781
-158.39598
-115.89118
-12.66173
-149.71283
-198.11467
32.47551
-146.81235
-68.70832
199.94804
8.19877
176.65726
2.44415
136.57363
-55.58611
100.50024
-108.37392
-117.73357
-33.90416
-115.90587
-59.17508
-31.28169
122.58511
132.08322
-105.16057
14.05236
-30.15509
-32.71746
-124.18759
43.43606
-105.06227
68.68078
-35.66314
-104.98473
23.59705
51.7805
-153.58409
-130.25697
-160.09206
11.42537
130.94903
35.98801
-198.15566
-134.39607
-123.56776
-89.74373
-52.96457
-67.98098
130.8486
113.40239
-140.01699
-1.30619
103.51777
1.56534
-120.20181
173.32691
105.82434
196.50702
-66.48824
-91.49482
-41.85319
-46.50081
-188.73688
189.53339
-140.9647
-172.82781
-124.03938
112.39739
107.96967
-189.90061
-149.85664
-150.37173
-92.78871
-98.76712
36.4122
-38.03515
-34.91673
-128.594
-181.99329
25.417
182.81797
-61.2807
-68.72907
-169.8033
81.74912
84.185
-176.8387
51.48272
-153.47054
196.64501
175.8288
-78.78607
-103.32201
-12.14063
-51.42032
18.81511
-36.85047
-128.93964
4.90789
139.35665
-175.93806
86.49327
24.54637
-146.50545
-173.3167
119.56104
44.76928
-50.7266
-82.11451
18.46495
125.7149
180.61714
-117.60173
-6.87333
116.79788
122.55803
-2.15903
0.29901
114.44727
136.64634
-36.50326
21.65924
-177.64504
-56.52713
-9.93113
146.19825
-122.87232
-177.53706
-46.05832
98.12637
-108.83045
184.20109
-147.77884
-53.98925
-32.93272
7.34421
-133.31752
-102.97807
158.66433
64.56712
162.70819
120.4752
176.64819
-98.16291
154.61843
117.58721
160.26802
-74.81732
59.11502
120.42632
55.96664
-120.9566
-129.58685
61.09464
75.32624
-80.00951
195.04234
119.17257
85.94536
145.15174
135.58655
131.25356
110.4369
-159.85988
85.29386
132.79257
85.69225
199.98449
57.00545
-56.87948
154.52596
-75.00056
177.28638
29.29806
-66.93354
193.5201
-49.75393
111.83188
150.62183
169.34091
-93.03446
125.90804
-99.52286
-53.28438
-146.52863
-30.29643
37.6279
-73.64033
135.60071
174.23598
83.06549
-170.86368
55.17374
73.89905
179.24759
-28.42437
14.72965
-193.43824
196.08871
-56.13986
37.00611
125.30861
-30.28501
155.08949
155.52393
-107.2497
56.79226
-83.91335
92.00224
-101.69595
159.24808
10.82276
-171.56704
3.05714
-179.00896
122.25698
-160.05869
56.22612
-23.17175
-147.78503
182.38881
56.932
13.16116
-173.19301
-151.69158
33.73409
137.24414
-87.94206
-182.32128
177.15813
154.52137
-70.08133
37.13757
-137.55279
-39.30894
-27.65557
73.50018
-115.63647
-35.33211
-81.76204
-87.69211
76.76817
-154.08167
77.2414
188.51516
-105.56088
-107.50402
22.25197
23.45693
-184.15307
138.36818
18.51918
3.24025
-11.55789
-132.49982
126.02683
-181.83256
-17.37144
49.84309
-116.50381
114.52047
51.10624
-42.6506
-25.92508
-178.6221
192.88832
81.81683
-95.06782
-138.04107
-79.08876
-172.76947
190.11077
155.8402
-6.73421
-181.77139
-40.2673
-46.33885
157.03569
3.54456
93.39126
-22.40631
-97.0525
57.3679
-180.6163
-28.99578
79.9747
73.42154
-186.77277
27.27439
-9.65178
-121.78166
-31.63941
-43.61302
112.90024
-175.08664
28.71591
-58.80932
-89.68639
71.75839
-104.48439
-111.29026
-69.38121
-139.47087
-28.64933
142.91971
-50.11979
6.103
-82.06309
-135.95392
-199.29618
194.37682
-75.91977
-22.66328
-23.43498
45.49196
46.25444
9.79875
197.7386
-114.80375
118.12811
54.53303
-32.84083
189.19488
-185.0519
-68.90952
-102.64264
16.49456
-96.81391
-192.09061
58.79186
37.88012
-86.26159
-60.80257
-14.88893
-128.65622
-141.95736
96.30156
-183.73233
-45.03335
-186.40308
104.03423
-52.95003
96.9461
-136.53732
177.78947
62.08822
118.64908
40.55872
197.7471
164.12254
-198.29565
55.31122
42.49791
-51.48505
-137.967
83.65494
49.99408
190.60105
25.54531
167.8816
24.50634
-53.66852
-134.93516
-20.44307
93.15705
68.72068
57.06472
-53.74861
196.7069
121.2442
119.69067
52.14414
65.70286
154.49144
-89.89134
-108.98246
51.61607
-0.36439
127.0977
4.50671
-194.66816
61.65527
40.93681
181.79641
75.64418
-6.38707
-184.43983
-114.64209
-9.22868
-174.25198
-22.15217
-6.60972
-177.0724
-121.91515
93.61033
35.42028
-188.86501
-178.71577
46.83861
105.35792
175.076
190.4788
89.07564
15.32262
-141.02738
198.65203
86.78588
77.75903
109.03794
114.77109
38.14639
167.9384
-136.94266
-85.87497
-192.68132
-99.92671
-132.84345
-43.20181
-180.04264
-7.06679
142.84541
-66.6873
194.04688
-153.46815
-197.73676
-145.80297
-29.56927
-172.31068
-194.97508
22.0556
-60.19847
69.8819
-59.34304
101.17611
100.53399
-130.42844
50.15638
57.7935
-39.37639
-168.44652
-19.33545
132.09171
193.5643
26.56668
82.73352
145.79382
158.62352
-77.00305
-147.52395
67.32027
54.31194
11.93631
-138.8966
-161.52938
192.25054
86.61128
145.89176
-71.77489
80.96557
-138.79328
-59.84439
189.90524
-30.35193
16.56023
85.25476
-36.09992
153.57143
-192.62269
-118.66524
187.65799
-72.05278
-58.40701
99.36394
74.28741
99.00418
5.31881
4.15772
-48.58204
-98.48943
55.84967
105.10228
20.85025
148.48239
-114.23167
-64.01471
173.35416
-30.96147
-127.54077
-173.32162
120.71917
37.53913
-55.59457
95.30283
41.4134
-121.02684
10.10592
36.66515
-85.27051
98.8768
-90.98677
-143.20651
74.30803
-185.74449
177.30821
147.40763
94.54143
186.93575
25.01761
58.16393
-36.95897
41.90492
152.316
124.51641
-33.28838
84.75614
-184.69396
9.35433
51.22174
-109.8258
-74.74496
-195.83626
32.94206
30.80652
-131.42866
136.92297
148.19752
162.65752
127.18444
-173.83025
101.54902
137.08226
118.55232
-15.09031
159.21919
170.16087
-85.25984
-97.69437
153.07435
162.58756
162.12421
-156.68578
-78.68381
180.87892
196.06132
198.2949
106.1714
-9.48206
53.30707
171.35379
106.39571
-191.51333
-167.7711
55.58007
-51.75354
-29.22276
-181.06909
-144.82899
-175.27689
113.87678
16.45125
-199.61927
77.00139
4.7236
16.81917
-71.24073
191.58554
-198.97845
-11.3423
37.82685
74.48694
98.4832
164.83583
-75.99064
-119.20504
-22.87538
42.68552
183.34201
5.71546
-105.10368
12.90516
194.54121
79.3463
-125.12853
-67.07826
-49.6291
-135.56413
133.60325
109.25356
-185.53029
59.35732
196.13998
-190.23032
-139.97329
7.62335
-57.51282
181.10738
-179.74842
161.74995
-31.52992
17.81001
-188.39667
-179.15374
33.47084
-96.48354
157.32783
-73.9639
-121.21069
193.84532
27.04192
180.69537
-125.49611
-96.55749
-60.57063
-131.56842
59.66851
-27.10986
177.52121
172.73996
8.68312
-92.26233
-174.95745
45.84186
-88.85758
-180.28183
-107.22825
-32.60981
61.45273
-15.86435
67.45684
39.84563
-174.34531
-133.38669
53.97114
67.13997
-74.47648
96.00679
-54.5142
107.22529
39.4511
-197.55039
-66.19868
130.23643
-25.57572
-33.66686
75.07801
125.36863
-95.41572
-22.75726
0.1587
187.77907
-191.35475
125.4739
-80.75671
77.11801
-84.20414
-76.41932
62.48477
57.83789
69.37918
-125.6923
63.7639
106.24157
102.12904
-195.71069
-33.52434
-36.57017
-174.18765
70.6041
52.94617
4.6729
-196.01021
0.88246
156.35631
166.26478
-32.73967
-172.07502
-106.34345
162.9131
175.12111
-191.04017
-194.40529
-128.88426
74.15274
-4.61139
-12.60118
194.7396
54.41695
59.90446
-43.56939
-10.50749
41.32224
-48.09602
158.53118
-159.56197
-89.31334
-121.60866
180.95581
81.30816
26.93915
166.43533
24.389
-150.22766
-121.99833
190.50787
124.99593
-45.35587
-31.80948
30.03284
75.75039
-108.95029
79.07918
-132.89168
-61.28254
-195.83762
-39.0527
184.98221
122.60305
-84.51971
71.13748
46.96044
145.87126
89.37101
-124.88115
33.96858
152.35393
186.51151
14.54764
199.45863
-66.64771
55.93476
52.09387
-70.47755
-131.16251
189.99374
-125.71823
-63.4447
1.68277
-189.0206
-114.27362
161.51342
186.41393
32.35608
-198.48807
-67.90194
-196.06962
28.57441
-50.07079
-87.78782
173.71906
118.47348
-94.99068
-56.1711
183.35398
151.13376
-13.4968
8.23346
93.61434
-41.19895
-41.75595
11.13671
146.36791
50.59537
179.11698
142.54871
-167.60898
166.922
-165.38443
137.01334
-79.81614
-5.0761
-98.96277
-129.11917
165.63969
98.19909
-103.18345
86.59074
-134.44164
93.36596
62.88342
174.91791
179.04539
193.70304
36.39761
-96.0296
-124.20307
82.71934
45.7151
-77.02024
-44.87369
20.17401
181.88414
-30.59987
-42.55448
-60.70463
-25.78516
53.87389
-53.83135
21.35784
75.55021
58.78631
69.94158
181.11426
-93.40769
107.97464
-32.87729
85.80117
-168.0104
-180.28267
79.80061
-151.35325
-5.84211
-155.26902
95.92067
-56.00905
32.26913
-76.26905
-61.79741
46.44285
-183.49996
13.38937
-64.74818
-156.41292
38.24565
-20.05856
-102.41667
146.93945
-84.21193
-88.92626
112.45793
185.09296
131.64777
169.33373
85.53277
54.00971
-65.23898
13.85499
-191.5822
-172.16396
-33.7836
-159.00441
-16.76585
-103.5577
0.0007
176.05393
-1.23464
49.20959
-164.69483
160.6289
68.08785
-140.3452
-16.14408
-84.22923
-103.35772
-7.62344
187.98248
185.86638
-27.4216
-31.94186
-90.97244
103.89071
52.31289
-109.07268
189.41667
-61.55548
-45.44637
190.34531
85.00921
-171.55108
167.68098
34.99722
170.2382
52.96085
70.5443
101.80012
130.67982
-111.48351
-103.16001
185.65563
9.46652
-191.5837
-51.98963
149.36266
-60.48485
123.71429
-79.86847
-29.91549
127.58282
-142.44829
110.63535
-133.22551
-78.5088
185.99044
-25.58715
-186.93232
61.96586
71.94566
-0.61925
172.39521
-160.60719
85.5945
161.14773
-95.92532
-149.55757
71.74059
-194.96773
-91.51042
-150.58243
173.95346
-131.65361
-39.45411
-23.91088
-156.28656
-196.47828
19.30013
-189.21011
-40.93722
93.99656
180.36396
-87.5133
136.48723
-186.23059
-104.71152
89.14838
-92.64417
-101.23217
132.24772
24.01769
43.48032
-17.9084
-181.88334
-68.01107
-168.59652
9.16012
-124.7835
67.8229
11.15623
108.61954
-68.99784
-114.96105
-88.95642
83.97111
127.52898
5.29728
-73.26586
-10.44716
159.25961
-61.26027
-45.22483
42.84125
-13.09666
78.69366
-60.40856
127.77319
40.25557
-79.03737
-24.63244
-127.45019
-177.16514
-165.05695
105.94118
187.67754
134.22131
-164.44634
157.33207
13.2188
-25.22258
63.6136
100.58046
-55.47513
-117.97641
-116.74228
115.10566
-44.15776
-51.81794
-112.3392
-87.56604
18.7065
-136.78042
-32.4606
-78.7
144.0919
-50.38193
142.26846
-122.86887
21.42931
122.29653
38.28151
197.38354
-53.70672
-53.29786
194.47944
102.43231
24.38192
23.23985
12.61344
-110.81168
-75.85325
-94.85337
93.80784
-197.0297
-28.70615
35.80314
-30.29061
-197.39698
180.54134
102.75892
-101.31473
-128.5378
166.81653
-110.59045
105.23822
55.61682
-73.14033
159.43951
8.37046
94.89933
-40.94614
-29.47842
-47.48462
-14.82328
13.14312
197.01205
135.09729
9.64336
31.88784
-68.11956
183.11619
-182.30694
-18.64784
-63.77312
16.3642
23.19178
175.4562
20.55314
-44.92497
151.44571
106.83247
8.94907
-170.37406
186.41366
-89.61759
72.98338
-89.09744
15.55386
99.78641
36.92694
61.34982
-49.7494
-102.38383
-90.24138
-124.54265
-73.19722
-154.41876
137.81048
147.26246
-133.92343
-19.93783
-152.79799
-143.45257
153.7391
8.9848
-84.41582
-57.49143
29.20238
-13.70974
58.80066
-98.58209
-94.98416
60.81158
96.87622
-38.46462
198.6493
-110.69412
86.21221
-83.79077
45.75055
-2.79079
196.70472
-187.05946
191.12906
-78.18486
-90.33562
-5.36705
-67.48506
171.22398
-191.42247
191.84813
102.23476
197.48332
119.37767
46.63414
-49.47518
196.70016
-56.29191
-122.92371
-155.43647
81.16402
59.11553
-74.51211
-29.80143
196.48695
198.73681
60.94512
70.45935
2.34105
95.07257
91.81743
-40.39324
-155.4052
-175.02803
-140.39882
-143.17357
-59.40702
160.20029
195.50863
3.4341
-20.25246
114.24924
89.77121
-195.83364
-26.9709
-196.18115
189.26776
111.85407
-167.44448
-65.94575
75.34507
89.16446
-117.48354
5.82861
-61.66121
-36.15527
14.11847
-105.02982
-52.31855
83.45535
-46.22014
161.81188
63.18882
-67.30119
-159.28757
-60.65456
-133.21564
39.28463
191.96543
-22.66686
-161.80693
65.30924
188.4315
4.54995
-180.85303
24.35816
-96.82492
121.62425
-194.06519
-193.97359
164.30734
104.94938
-7.17542
-51.13962
58.96267
182.09571
-140.82401
-176.58153
-188.56564
61.44036
-118.29954
-136.34627
43.819
-139.10644
-123.95821
-197.30418
-122.44202
-129.87901
53.53366
-60.16444
-148.05906
153.97335
190.7449
-96.88928
137.46523
-36.82739
47.55565
-53.26801
-191.22164
-68.22206
-122.40763
-35.0384
18.96373
169.86926
-137.35753
115.75877
182.13808
184.50725
195.1107
-89.3567
45.68701
-131.95213
153.82851
1.62916
-57.31374
52.90874
4.6113
-187.78485
-39.31161
-41.65283
12.03079
51.09847
169.30559
135.29031
198.134
165.96118
7.23298
-152.16914
107.82149
-195.83682
-117.46981
-173.55666
-60.88042
-117.89991
-130.60964
15.83606
180.71294
78.15147
53.34543
105.3762
-141.77927
50.5912
-79.94738
-92.23284
-1.54974
-32.07435
180.22677
184.23229
-32.452
-96.35902
198.27634
-154.54806
69.31636
127.04047
-17.01758
16.06514
23.39885
-54.88849
65.6882
182.97637
197.16865
-51.17297
-155.0459
-128.21272
-118.62077
-6.96634
-165.93419
100.19394
-156.75877
-85.37553
-4.39509
192.93659
-109.516
-94.52966
-146.54918
-187.94848
-116.12276
174.0428
-100.76466
-112.00525
-119.5712
56.79475
-7.86771
10.4795
-129.86506
-94.32841
115.51461
-151.57945
-47.84581
-189.95945
46.46236
-146.03508
180.49453
-134.39505
-169.37882
-167.79773
-21.24874
145.68555
68.88632
33.92929
198.03407
12.50181
105.98726
-9.42534
-75.67888
94.13323
0.97846
-169.85035
-117.2594
-106.7537
-23.75499
120.19942
-29.28159
25.64695
-94.14924
55.59043
-134.11507
-46.23941
111.91656
152.15206
33.17775
-32.9443
-33.30111
-15.49964
-131.61001
154.4796
131.84488
-106.38404
194.60159
-188.43402
-67.40141
-185.21045
-53.77189
-85.35876
-94.73234
-192.84324
-63.21778
-154.08945
-101.28248
149.47763
-177.60064
-105.46867
112.75258
104.48998
-112.65649
-96.20012
50.48993
-10.80507
24.68271
84.72444
81.47844
-189.90182
119.33194
-161.92116
19.91567
126.56951
22.12753
117.93702
175.71348
41.02808
88.44289
-99.02676
-32.239
-15.43524
-48.41545
-148.48692
-168.44394
-9.60397
-137.59827
41.42765
169.31196
183.84412
78.77435
-6.97835
41.02557
149.57783
-95.53871
-148.52141
-143.68636
25.87252
-68.10061
62.97207
61.6276
19.08457
-96.55925
185.84497
196.68276
-115.57187
176.90062
-8.3785
171.11094
-154.33392
-190.21235
-174.66517
-134.51437
-164.50076
142.58906
-93.2078
-166.60936
-60.39687
3.71025
25.72817
-169.58735
-196.57299
-14.36942
-98.06628
-52.40565
184.79808
-181.02072
-181.32389
-58.21287
182.80955
125.02617
-118.62266
113.61383
5.79226
4.98897
165.53353
176.55763
-62.3975
174.50513
145.49801
30.16625
-123.04773
-121.1486
92.67965
-176.14015
105.60549
98.45599
17.8917
116.72815
153.46304
139.90962
158.73179
-5.24856
-160.72684
-77.67539
-129.45567
-147.19167
32.54409
165.42399
91.82024
0.83755
130.58342
-168.45694
-33.87866
65.27687
25.04372
-139.35267
-121.90479
133.97037
51.13641
9.07903
-32.29134
-98.93266
194.09771
-114.24003
-153.3044
-65.95784
-145.77919
145.00742
107.70004
198.63401
45.23463
-176.42733
135.37056
-48.98673
123.3523
159.34876
-64.54599
-14.16681
-88.14378
121.60654
177.26512
56.65717
-67.08141
-187.78116
-173.75508
-97.4775
-111.91575
-190.26447
-24.1263
-62.29285
8.47133
-191.25488
50.25881
128.73502
-170.40789
-128.01562
159.41684
168.17103
-72.61984
77.16856
-72.34599
-153.78551
165.08672
102.80715
-121.40772
-26.74017
-79.49872
37.15123
-10.43009
-172.95339
-172.52157
142.61441
74.57987
-191.53166
-183.41158
-2.81566
176.72716
-154.84497
197.50137
85.8408
-166.78893
64.09278
-97.03014
-91.38231
165.5502
-31.86343
-103.13097
-87.38784
-134.31144
2.40073
-96.2629
95.11873
165.75624
25.62518
141.00275
60.61355
185.04073
33.48321
104.79855
4.87617
165.2918
-116.83409
183.11342
92.55608
-14.11194
-70.79016
-192.28599
38.52558
-102.09651
-31.02439
191.81102
-83.95465
30.95726
-77.10977
-24.00277
-64.73905
112.07266
-33.93348
-118.79145
153.18519
-8.70332
-158.48919
-98.90407
68.66791
80.82542
-171.52529
13.71268
-3.36134
39.20689
102.11908
-137.18016
173.1198
194.45181
-101.14122
-70.30231
-134.76553
40.28841
5.67274
-61.25599
-66.12399
86.63536
-114.37532
142.30133
-36.45208
180.9699
68.58587
194.66705
-138.00197
-159.69488
-108.10642
196.09992
27.85413
-185.34634
13.60696
-95.77569
181.35335
50.42596
56.93468
191.97252
-43.10812
-190.34262
-100.21414
68.87364
25.77063
-111.30854
149.19415
-114.97579
-66.40016
-23.45296
-71.54514
-39.79223
102.08676
145.24328
147.91129
-136.49735
-73.63714
-22.7602
10.24822
-181.64826
-12.42138
-13.29629
-28.70427
35.19509
117.79525
19.40471
-5.34066
-48.18407
-69.30942
-110.93743
73.12227
-143.01156
-181.26656
-151.35173
116.5457
-152.73779
-103.0724
-117.43361
67.05315
156.13797
-135.42679
-1.81674
-35.55941
173.00356
91.35213
-105.80252
157.38174
65.63598
58.70659
17.79513
-137.26078
158.07195
195.12201
-140.7314
-56.73866
-118.55915
-115.65056
133.67485
-138.8221
-162.56529
142.47574
-135.57922
31.8496
-60.18983
-14.52886
79.17141
61.35637
-183.75551
-126.93124
194.78917
11.06253
-164.17333
77.70484
-181.18015
-59.08815
-62.80679
-169.81435
43.63596
127.1225
39.01341
-25.92654
122.52122
-190.59099
-42.01287
-149.73703
27.51904
-110.36391
108.68265
135.20679
161.1004
117.3033
39.3335
14.96877
52.31498
195.32195
-51.62006
25.6122
132.34238
-39.83028
-30.12097
63.89557
-142.97789
-57.24311
53.16198
175.97822
-188.25089
-165.27085
178.36092
-193.19543
-24.47528
-134.62468
8.5149
88.46584
-100.21807
160.32759
-66.78669
-51.72672
-110.79395
-125.72403
101.34917
52.77583
-103.07378
-146.63949
-4.5231
-13.16186
-62.40794
115.56426
-108.90005
9.70151
-147.73791
84.36441
-128.89659
-40.33492
60.04727
70.6145
14.76214
-63.574
-132.57282
-177.26256
96.47198
183.60264
69.35047
45.34552
-54.34535
78.74987
-187.13575
87.66735
-148.61282
-59.52878
-101.89279
53.65159
-51.34469
-116.03272
39.64698
188.80424
17.77415
169.304
79.71483
140.28706
37.15547
-173.76024
-15.67388
-93.31428
21.37137
-95.21631
193.56205
-28.65504
46.80523
-73.91002
149.70242
193.1662
84.15242
175.27743
90.38445
-36.38668
-173.3098
154.72256
36.04168
-123.22686
-61.90917
-179.69271
107.04321
158.3319
79.36849
-96.55268
-125.76072
-183.98135
85.88543
67.23574
148.49327
39.60248
177.81499
194.91359
69.29476
-172.10924
3.53536
77.39422
-23.10454
34.38989
92.99723
131.53351
-11.17689
41.75083
101.96195
120.90204
-75.12344
29.70284
102.26779
54.68396
-9.61194
-22.73701
76.56841
-88.24029
-160.31995
-22.09948
-165.52278
-128.83058
-63.46423
-69.1187
-151.44734
-84.70773
68.63455
134.85586
44.10752
187.3667
-117.08673
-96.76552
-146.4048
127.54858
-15.37395
164.17614
58.25637
-97.83331
168.92787
-100.96409
-150.3361
-77.87315
167.54017
92.78236
43.84841
-161.15919
-17.21699
122.9971
114.38287
2.03326
192.90307
-60.49886
-6.19496
72.48933
66.90644
-110.84709
96.74079
14.37526
179.08553
-162.15115
128.29999
120.87356
47.74092
-8.56412
-150.28771
-5.63602
134.88703
-10.63401
186.52002
-78.33935
-164.17608
-105.94794
72.55737
-1.73725
37.55951
172.78927
-2.72875
-90.74609
47.16176
-151.69184
69.62991
-110.98142
179.88657
-41.69576
59.05985
-149.12335
-25.25779
177.7253
-61.33778
81.50969
-119.77074
9.48739
-141.26636
-184.43468
-50.32935
-86.51219
43.0963
185.95469
-59.84904
-134.57469
-31.54232
23.59581
113.35712
145.24387
-14.28559
54.84801
84.9697
132.72044
181.27914
150.49468
125.21259
28.37402
-54.53684
-6.30119
-112.52355
16.32482
124.07938
76.25728
-41.44996
-42.89492
-178.66135
79.01127
172.02496
-184.95905
-38.95133
-42.42261
188.76869
-163.16233
-47.29341
-159.78703
181.84487
91.37167
-118.30061
185.91255
-142.86883
149.53275
107.18623
-158.22043
38.52288
-161.03975
76.27028
-159.05407
28.38851
-18.25092
90.85944
189.14299
95.22956
151.63276
103.75369
-76.84494
139.7233
8.66018
-134.76346
-177.54574
63.986
-157.55898
34.70989
14.95176
-91.4993
-15.60114
54.90958
-110.39749
-170.52806
-173.59569
118.8263
122.06579
97.19463
-64.56836
-100.73212
-39.87947
196.92007
75.44907
-113.21832
-87.52049
70.81627
146.4199
96.65866
-114.46543
35.62444
160.60226
-83.63321
169.81035
32.42208
-150.64646
125.31925
112.46843
27.86094
-83.12591
43.3094
-76.82528
67.47962
-95.65947
-28.53216
8.74021
-136.49684
-59.88867
-144.23314
125.19373
87.3835
83.71463
-76.4304
-85.22716
-4.85267
-66.53802
-184.47627
109.7823
-71.1598
94.83685
-186.65714
21.78484
163.57582
-101.46958
104.7772
-2.27775
-64.64767
169.86571
198.07833
-165.95581
38.18701
-156.39511
82.99282
60.62211
134.76175
23.89248
-158.36001
-17.4502
75.45016
-153.13008
-21.4638
97.31625
-50.29379
-24.43796
41.93801
158.85383
188.66331
-116.55468
124.85293
73.50255
135.16059
106.94139
104.75829
101.84326
-138.75779
-171.48854
-19.67271
-167.77918
-86.12556
75.39147
-197.91314
75.10854
-93.88519
124.01234
125.36539
0.41061
-19.76209
-25.40093
-0.49475
-10.91846
-37.76432
-52.68271
34.29434
-32.36474
-120.44837
107.6659
-25.90087
-186.76576
64.35151
12.65884
33.9573
155.83425
-115.95255
-136.18242
-171.06259
11.9885
-7.54904
151.64588
28.68331
29.86482
187.90837
-90.69227
197.54727
-77.45053
-69.26643
-98.84652
-136.86967
57.04228
-63.23497
-90.95262
-125.41857
-163.82311
198.83449
-6.75401
-159.62542
11.29311
-59.45638
98.04279
20.60899
-15.17735
-6.74461
100.1762
114.32301
186.2489
-96.91367
123.47586
-112.78198
-101.92904
-88.25442
-190.73057
199.16164
98.31107
140.93965
-7.51218
-105.7355
-99.76416
-155.58241
-95.19922
112.64192
189.97618
85.30161
-38.15611
33.42522
-162.00854
-31.16648
-98.41394
-25.88319
141.22925
-175.33246
-24.12313
121.36817
76.50484
71.26271
193.15632
-1.92682
91.04646
142.18039
-90.38938
137.22809
-109.08402
-125.24003
-53.74357
2.62191
30.36249
86.79129
-81.79939
63.90742
-117.70544
143.72393
-78.591
160.54821
-93.85429
29.53102
-16.65327
142.1991
-193.68429
97.80608
168.29235
34.41048
132.34357
173.20418
-77.76649
5.8724
-31.0655
174.91278
-22.55098
-94.53399
-61.7222
-69.23481
80.79445
83.06484
-4.84614
136.20947
101.06014
-113.18747
-115.04996
-105.34477
179.35928
151.01937
-115.41435
118.96435
113.43037
-98.01168
-190.18063
-101.12534
-119.90234
138.24403
84.31248
198.72645
164.34723
-176.95001
119.86096
-144.66175
170.58946
-16.10519
24.48932
-148.78215
-184.5521
-155.89763
-28.02896
-4.52157
120.33537
-6.85695
-107.98755
-149.65135
-90.74696
87.79972
-159.43956
-2.98825
-97.43421
67.77621
-111.26433
30.27194
38.17885
-172.45304
-61.72618
-63.01129
150.90497
-144.19088
-176.12902
81.1638
-106.64018
161.26141
109.86537
-11.0635
128.81258
-96.28182
-51.73546
-56.8972
194.61289
165.04836
-46.69397
106.40976
80.52568
-165.59137
-153.94184
64.80348
-176.95403
137.84821
198.25911
-122.33131
57.56621
92.04773
164.3783
119.64391
99.33729
159.07867
191.84399
-67.86854
-9.30937
-132.71938
-112.39166
-14.16792
-106.80474
-0.38285
-90.38547
-38.17131
-61.6705
35.11704
187.87645
-108.88613
61.42962
115.20456
185.77199
-52.62238
106.73957
21.79124
132.37165
112.20189
75.93796
-137.97065
-147.41109
-49.3669
95.13769
-140.21422
-70.05691
144.40144
-35.42313
-136.73581
-29.36569
-88.13879
164.40668
38.09783
-130.95378
133.41734
-119.88679
-73.36167
-83.91636
108.24756
-173.91704
169.74729
184.87023
67.51657
-167.22152
-93.60077
147.63865
-187.05218
-90.46859
-161.72862
69.40138
-13.2292
-147.18499
187.24964
-176.16277
-191.16673
14.27462
142.85842
-89.14023
-81.39426
-199.64918
-42.31504
-107.24482
120.94257
-169.32863
134.14363
-174.17468
18.05157
-161.96588
31.32047
-149.93271
1.88265
112.86818
31.76799
18.19168
152.28535
122.04876
56.13089
6.74123
-10.21643
178.75091
131.53965
-116.76021
97.51589
95.45083
-155.52119
127.23791
-159.59791
-175.96496
124.4289
-161.29747
186.28868
-27.00785
39.31604
15.03351
-22.19212
6.72701
168.88513
-142.95953
-54.94474
-0.99907
-182.17966
-143.32482
135.91024
-162.30697
42.29108
130.77844
-195.65915
0.40759
141.66933
67.45786
147.11754
180.2757
-88.45183
-29.4758
120.1247
-53.66218
-19.76801
-47.30269
-88.20988
105.95936
-39.87198
155.59205
-171.18863
143.06244
-17.61231
-21.79332
132.61133
100.94895
-141.7519
159.34073
62.84726
-66.10009
-145.15161
113.82744
-146.69605
171.79329
58.83984
-25.18818
30.68831
159.46086
191.70257
167.05686
-35.29267
91.1114
17.68323
-127.99216
-3.02453
-131.90283
1.11259
-178.21731
152.13278
169.82124
181.67019
4.98216
44.02583
79.13775
9.36893
-74.89998
-11.64775
-148.76013
31.06065
67.24266
46.94132
64.65312
87.47996
112.83451
56.74281
159.828
122.29269
38.19231
102.90156
199.55745
54.89183
196.93555
84.50284
-147.05694
-56.88968
44.93403
-44.17057
-104.42204
125.56125
-191.32398
-76.42654
96.99169
-19.32768
-117.09078
141.97828
57.39905
-42.37744
22.37132
-15.01034
72.32526
180.35143
138.46782
26.06273
34.14979
59.98156
196.51474
30.24143
-124.65136
13.12118
52.54469
-127.4674
-34.43229
26.98714
-39.87238
175.91271
-59.81494
53.43299
-140.99208
-150.10204
-6.15438
-68.88392
-128.69561
-88.55368
95.8718
-98.90659
-36.22401
126.3915
-169.75466
-111.02617
-16.84813
-114.23982
-151.76197
-39.86035
9.86049
65.47766
-128.72759
108.7727
-83.39627
194.84117
-133.24837
-12.32828
55.50934
156.97079
-150.72173
-13.222
-25.07939
-194.67515
72.20704
90.64044
-35.20984
-5.1183
133.70241
-41.06416
-37.68704
-61.01509
50.84771
-41.44048
-86.16722
-164.60509
-148.07794
106.72073
45.94139
81.44584
55.22162
-116.08968
-42.57219
18.05888
47.82241
-66.81577
-8.16019
-4.64163
89.57865
-195.89468
63.95494
79.98096
-133.25826
-98.32864
-109.26598
-7.92008
24.88858
-41.86026
-131.60206
20.60885
-198.27121
-51.93484
-115.75774
-155.12379
-111.72002
-137.40124
-143.05574
72.72277
60.75949
5.54909
162.10209
173.44945
144.13607
-176.33535
-138.42294
-39.81114
-149.67115
-181.41923
-32.4475
-6.76368
-126.05601
-142.64648
121.03764
182.84305
-56.5094
-118.5308
199.60214
-92.51058
-158.9584
-125.7339
-23.90779
-94.57462
-38.1363
17.84214
-141.73918
-41.57986
188.79898
184.61908
-62.6214
-56.38157
-187.15171
14.29975
-142.66241
26.46797
17.16319
37.48214
-158.74126
148.53403
69.63654
167.74025
152.81162
73.21497
-183.44468
-39.23151
80.14845
-170.81239
-74.33345
-164.06912
-13.98448
39.69509
30.66773
13.79266
-27.2633
89.01689
116.36847
197.27086
44.10802
-35.65882
110.20232
87.31281
97.16239
-116.75627
140.81031
-79.044
-175.653
185.0852
56.12619
61.08237
-27.05632
-124.80284
-67.89154
-76.65134
134.44515
-120.93427
74.02601
24.71212
30.65236
186.18886
76.6277
-25.5016
107.98533
-165.62366
109.47313
-120.40521
194.65241
5.22312
174.2829
183.64764
197.11085
-182.34279
125.56866
-186.53718
189.80477
-125.53116
-34.20016
-126.67506
-70.74402
60.86723
-180.64166
110.53523
-102.5407
-5.96521
-102.54263
-85.8337
44.01472
47.3845
-196.45802
-95.08163
78.31954
129.33003
-66.94716
130.20602
-120.97869
-20.41087
-142.68163
93.33548
-71.01625
-141.77261
187.04878
181.10752
87.89698
98.94783
187.95569
151.85968
-97.65947
-107.61227
-1.96854
-135.0971
63.84324
-154.88035
46.45363
64.83853
-89.85694
24.23587
-170.71803
-184.0714
-56.65194
-35.57339
19.5179
-25.25031
152.31157
-155.22591
-141.22558
80.08815
119.52099
-192.67245
169.01995
72.80674
-12.16069
73.02741
-167.06711
-70.73469
12.12166
-41.11007
168.6001
192.23882
22.03916
-10.78428
171.34665
197.30601
163.73525
46.26005
33.22352
-110.32832
91.27545
-95.79785
-125.14294
-55.49052
-23.60206
160.83575
143.26197
85.30765
-152.78973
77.82158
-104.44986
121.75642
-109.55927
-76.47688
122.74328
100.6519
61.49366
-15.51512
119.37527
-96.27124
114.23291
-61.22951
-109.95509
29.05096
74.23128
45.64881
55.03662
-61.45725
122.42182
155.40537
-14.91393
-44.65743
-110.42382
-10.08857
-151.39226
-144.78205
-113.51763
-26.32566
61.79363
-46.75458
177.3008
-10.16498
180.54198
89.56063
-136.60855
-6.93643
-101.33764
81.14236
27.93774
-182.19479
-122.97775
-144.79628
82.47335
23.22635
6.81236
22.47327
-136.4978
194.98298
44.82273
143.74109
-54.22391
87.36371
-8.81609
54.11514
-85.38584
178.40216
189.8524
-141.32439
-141.69481
75.1521
-90.59164
55.97663
144.99099
160.16685
-49.15396
148.22377
-120.81469
-145.77743
34.4388
140.60669
-31.95556
65.60167
101.88653
-100.30976
178.915
-24.88847
-148.88982
-136.23428
-23.53266
-123.45586
7.88795
99.34467
-189.27589
179.20348
163.46496
79.75489
60.1133
-183.07331
161.75084
133.26837
-79.90287
-68.36487
-120.31278
-67.26718
-181.05825
-23.58738
182.32163
-169.82716
151.29403
-85.68421
17.8084
-196.17835
176.40327
32.94314
-62.61886
-84.36622
57.61253
-147.1406
115.74143
-1.76034
64.6004
-184.24175
90.02796
-137.34733
-69.99271
-59.39717
174.17713
-35.29937
-197.2214
-119.51417
-199.33111
27.8787
-171.70664
-110.80181
49.83533
4.29517
-33.39684
17.5823
118.53825
-149.28434
61.13707
167.99103
16.14562
-194.78469
-161.85264
83.44757
-80.48093
-46.84053
-16.91176
160.85175
38.967
-109.29899
0.33037
116.53216
186.05452
128.46301
100.33486
45.97359
-4.81307
9.31945
28.75299
177.84202
95.94767
14.14301
-21.00739
-27.91092
-168.56332
149.39197
108.66819
-98.90825
4.22632
-184.66599
-185.79239
191.61678
21.28108
126.77016
29.03693
140.83829
55.04807
-120.25831
-187.97022
-39.48047
-92.12404
19.49755
8.12138
10.95324
-40.09369
69.06103
-32.74796
115.343
115.50013
-102.76754
171.49421
106.23837
-74.66019
-14.95943
-125.05306
131.15062
-187.72317
-63.02635
27.37704
6.20622
26.70597
-101.58119
-169.35416
-111.55979
-191.7258
-9.33813
47.30322
-130.11536
-100.22849
37.59898
-99.97104
-118.41955
46.48248
60.25543
124.73167
-19.61756
128.88468
185.57384
109.2741
169.98482
-131.21405
-106.91715
-169.03103
-43.57056
154.17825
77.2832
-196.35525
83.35615
163.44379
-56.27234
-123.37395
-196.82031
-140.39512
-120.60151
167.72327
168.80676
122.91727
-12.59137
140.49717
-49.11028
-105.53126
-183.45992
-24.67314
121.94302
-84.43719
139.19397
11.03538
-65.50631
-85.60428
-164.48993
-83.12559
-5.17122
-173.84128
-139.70382
67.49008
-156.30868
1.83808
-111.01177
-58.16137
83.86946
189.51593
166.45042
147.60132
56.41816
-134.37161
-26.32251
178.88116
198.18262
179.84543
-189.15284
30.00954
-166.39694
-125.58675
-51.2862
-156.42966
-47.38809
100.09793
-7.9062
-193.68677
-115.47556
51.87241
-119.48893
-33.94608
-171.82636
-181.51159
-28.37825
138.85907
75.4105
-184.54373
45.76664
-74.7162
54.79527
-25.51729
-187.00008
-162.71905
-22.59687
55.32013
-133.63195
154.30749
57.12403
23.31013
-136.12874
33.47024
72.44708
198.25058
-77.72981
-135.52955
-130.30632
133.62171
-191.02253
-76.72155
173.41639
-161.01071
-89.38416
63.22614
79.2737
108.67284
6.68843
-29.94021
72.3365
-166.21014
-152.67192
184.67947
199.86267
-59.27793
-15.7734
-186.05181
-28.00095
37.90599
24.36708
-13.69921
91.99599
-164.83971
-158.43992
192.4648
139.98751
149.72167
25.61377
122.60622
56.38996
189.0887
-53.23306
-117.45305
156.7476
-151.95307
-161.65643
-15.88601
158.93381
-39.96857
-25.53377
-54.25394
177.30693
-38.52085
151.80729
36.79302
-74.64418
68.52224
-171.04866
-199.52493
155.47522
-71.80363
178.05911
142.34037
32.38304
-11.13338
-37.68057
-95.74219
1.60123
13.20052
67.1194
-41.77654
26.9317
161.15827
-196.1819
-33.68411
-137.54115
82.99079
106.34583
-35.71228
13.1705
184.1842
48.96364
-97.08169
-25.03499
-22.86824
0.17011
5.97667
174.59069
-4.21704
3.05215
-27.52092
162.07377
59.16862
48.90305
-110.17306
142.46338
-148.50096
-50.00023
-139.61714
160.47949
-108.60966
130.9783
100.81805
-90.37266
-66.84279
-189.41752
-152.82369
70.29252
-143.79158
69.82518
94.12116
190.72805
195.00502
107.47373
54.81427
102.44431
-56.6101
148.77357
115.04518
47.01005
167.27695
23.35316
-0.28782
-86.79945
137.63577
-120.60969
192.2989
126.20518
99.84687
-109.5978
-121.66786
-139.75224
183.14086
10.97709
-132.35622
195.15687
12.65919
-191.05581
170.61794
93.01934
106.56529
86.67078
-6.85567
69.7896
-44.73643
-104.88109
173.0786
38.93632
123.57866
149.17636
61.08327
197.07639
5.7069
131.5185
110.44246
-137.44073
-57.6289
-78.64368
-156.60826
-125.61229
-105.95754
-75.38286
100.39424
47.17695
154.46314
64.57515
-196.97643
78.30851
-37.90105
-152.91961
-163.02117
123.18505
-28.29368
-132.47367
38.31061
-134.81836
-96.42906
182.89935
164.761
67.32194
-106.23504
153.89877
174.24549
-107.02668
-104.78671
-172.29434
60.54944
-4.43917
-81.74352
-87.91816
-7.54678
-169.59202
105.64101
82.91694
14.99235
189.18033
114.81409
190.94536
-179.04408
-64.82079
-120.82319
157.24073
15.93699
170.90958
-14.55361
183.51031
-107.15451
-116.882
161.56235
-55.74731
-48.48738
50.25773
-55.77156
-133.08574
-185.46112
-180.63857
-11.52741
-193.42246
33.635
-52.83709
-146.28806
-31.81091
98.49116
-187.59668
-81.02106
186.10647
146.15112
61.70211
9.15379
144.47943
130.46494
-159.19269
-84.32862
-190.08593
108.58754
193.42298
-199.97177
-146.9457
134.84826
19.48629
-43.96433
94.61131
26.86631
-181.97985
18.7679
-142.40031
34.09532
106.29646
-155.96769
-188.21762
60.17304
-83.09885
-151.48736
-167.20121
-120.13844
116.80222
-121.02721
177.24475
69.06846
166.69209
163.41
-8.50915
-124.7383
177.54165
-14.00125
-97.28812
79.87772
138.14102
42.08091
-186.92143
162.35023
6.84022
167.56611
106.75131
-144.23854
104.43042
-22.78292
-107.82254
75.63653
119.04397
145.52694
97.00594
-155.29703
134.3027
73.33334
-85.51149
5.27402
104.18994
-37.62742
93.53152
83.15898
-197.25333
154.37162
-185.84728
-134.29386
157.11963
-180.22286
10.69679
21.38592
-102.87214
8.8761
-43.33099
79.23757
65.3533
-27.92684
138.00325
152.98233
44.30307
-193.7378
172.70234
-78.86085
-34.78018
-86.13632
-114.69168
43.04458
-68.8793
-12.15165
-75.98014
37.42186
193.24157
-191.53707
92.78205
48.31807
181.14644
-102.22663
-198.9204
-47.4166
186.98738
47.41067
85.21688
-177.06381
-75.29072
-69.71653
-86.45857
13.04764
-195.91543
37.35998
135.64821
-26.31632
-77.5148
-23.82684
91.06424
-181.16226
-107.1218
178.19804
-151.44046
-119.50768
198.77132
110.60704
-58.06959
40.65405
-39.65804
30.59824
122.16661
-18.79411
86.8273
-175.49239
174.50468
-28.68496
-94.04627
-68.76093
-193.71503
105.49554
62.51195
-7.05231
-12.92741
-110.63348
-7.83873
-90.92373
-97.96687
72.74533
-63.20663
-107.82643
-57.28704
198.3264
101.45252
138.79012
-137.12415
-59.58039
147.0453
-99.12434
159.78456
86.37941
36.68684
-68.93114
45.59776
-21.17808
-143.68925
-28.95901
-64.51558
39.10548
-157.39585
30.77962
19.10455
-112.87362
-166.55803
87.55138
109.14635
-37.56007
34.3593
-82.9061
87.32816
-29.87026
106.09852
-45.98648
57.13456
-63.50627
-13.0783
-77.41461
-141.73682
147.23025
-71.38261
144.71957
161.79916
-194.90922
170.62875
-177.17958
-18.09454
-31.82513
-127.18743
-101.55599
-79.11063
125.64285
-89.46542
-136.7513
-27.44302
17.42511
77.69043
-56.08148
-156.23056
138.32426
57.81921
-174.8813
-150.87328
107.71899
-173.80703
90.01584
-32.28868
72.54273
111.32209
39.84664
-190.14277
144.7614
-90.85508
-45.30949
50.84606
14.13026
65.87709
-44.69025
182.77038
-110.75127
48.8578
-136.62638
-35.73068
198.41022
164.87439
-0.81445
-62.00352
-143.94441
-117.02388
-80.14022
-156.91231
121.78254
150.8597
40.24102
54.77007
-33.5738
-92.65359
9.19738
-98.96759
-125.26686
-128.10467
53.13485
42.979
-168.32683
-152.01096
36.52993
168.68129
-81.89226
110.79964
18.61627
58.78367
-174.94545
-37.27728
57.32021
-171.15935
98.77373
84.77575
68.98599
7.22844
121.04657
101.42792
121.9326
127.66778
-101.22706
193.62288
-189.21181
-180.50984
78.58615
-160.26318
150.66417
-92.16719
166.34683
15.1756
187.67192
-96.04485
-8.05214
-3.00696
-188.91339
-23.48293
185.87052
68.06221
-141.33041
43.39068
1.2642
70.6336
-134.10746
-82.12652
-165.58893
110.948
-75.70204
56.95003
-99.32472
10.72453
151.19168
74.26202
-162.66542
90.41992
-43.41624
-114.65001
-71.97124
163.0554
-29.96211
-170.45819
-93.75072
74.41398
-35.0237
-20.5399
-6.77239
-123.59641
145.66061
141.63638
-62.45541
163.74673
78.44933
-104.4837
-32.24011
-76.95011
-88.22887
-42.24642
8.7296
169.41792
-164.12066
83.38734
-165.6249
-61.49568
140.0489
56.32033
-142.22411
6.31209
-18.08169
-5.32608
-163.40746
-175.72115
183.72745
-111.78038
130.77124
83.8284
-6.40613
-162.06952
-26.04427
-79.56589
148.15054
52.01437
62.48221
91.78464
-53.46831
193.5041
149.03011
92.85426
-94.52033
-17.38933
-6.68658
5.53818
149.51325
-34.7376
-189.70335
59.19895
-49.42322
194.58067
-134.60512
-146.92149
189.11029
-131.09348
145.64338
-29.61151
-56.06771
97.07446
171.09469
77.34436
39.25849
182.752
-71.97057
117.03476
-51.70753
-188.5736
141.15815
-178.55263
-11.1201
63.99862
-27.19435
-0.22976
197.29418
-13.1472
-178.31249
22.09729
-71.5653
-100.97352
-131.91283
132.51524
85.0777
52.67087
-56.63468
89.89867
76.85341
-80.25612
-122.4372
82.99109
-66.7446
85.00095
-120.97362
-115.87843
-180.65495
-12.0771
84.68238
-123.22284
40.14999
73.08664
-1.65735
179.94969
-161.992
10.31995
-175.52778
-186.5928
-130.34395
73.35106
165.05369
164.89317
-174.61162
103.0138
80.69349
-113.06594
-121.13394
-30.27834
88.44863
53.2045
-52.64802
53.73691
114.05296
-101.67459
37.40224
36.51168
-197.08985
81.61857
114.77926
127.1743
-195.68288
-0.3814
-18.86832
-84.01331
150.42158
-191.2196
-40.89948
74.69691
-72.17342
-117.46028
-195.64533
110.36803
-70.77048
173.19736
-42.21106
-108.65625
-154.34594
75.48284
-92.82971
-46.26634
-180.81691
10.71055
116.22958
-66.00168
-65.2253
-47.92288
114.27112
-38.20446
-180.78338
10.26719
198.20507
179.8562
-109.18546
108.73018
-58.18846
57.57033
-19.11036
95.20546
-6.07101
63.82852
86.4684
-12.38101
40.91451
-100.67048
-171.83
81.59355
65.44172
-114.87884
18.83931
-36.97937
12.7997
49.08028
24.12347
180.89172
182.34709
181.04435
-97.83072
-138.30718
126.39439
-181.91265
69.8173
-138.78243
-158.27186
-27.37926
-160.08898
192.24685
-72.48186
-45.58409
-101.29903
-81.67361
57.73874
-65.74364
-123.44893
154.77049
-117.22373
76.17923
22.5639
25.46762
96.83715
106.94663
-51.39344
-106.38283
131.92741
-178.06311
-195.36009
172.72545
129.54899
44.16156
169.78051
-149.54038
168.39917
-79.96765
-45.59361
87.61373
-116.19006
43.15033
-43.96756
-41.71434
-168.34016
133.42728
-7.97744
-61.12133
10.5697
-25.82548
25.34994
13.945
104.48361
84.75377
-168.1619
-178.21036
-34.68376
-168.75993
72.56054
4.20141
67.83864
-40.01541
-106.49775
193.32693
-110.55308
-122.11651
-182.64891
-109.68181
-171.17529
-162.82016
150.24394
-76.57764
-152.99001
154.9814
-198.56795
11.02797
-153.18452
103.95465
-75.18794
-175.44376
149.61148
45.49476
64.35336
14.77748
-74.08217
174.37489
-7.30941
3.10246
-63.29063
-174.28895
-99.8734
-117.55109
195.32165
129.89059
67.53636
5.46584
-32.49565
127.35265
-109.81365
4.9897
-66.99273
-172.63141
180.59499
-73.29993
37.83819
196.50072
129.63551
-50.07861
37.16785
15.72464
-179.11949
-163.66746
-125.49586
-169.43178
104.99317
145.338
158.14848
162.61962
-22.83149
4.88971
23.68422
-7.00086
-11.49896
-38.77024
-52.6342
150.3154
-7.48168
102.26042
103.61264
20.93114
-90.58772
-186.52985
15.71207
38.4387
98.89208
16.31849
-100.78458
124.70377
-61.92544
10.26135
-60.19251
-59.09837
60.04266
161.06295
107.83869
-0.48364
-127.98713
-135.9401
9.21688
110.14089
-127.95813
70.08697
73.40887
3.90953
72.72662
-31.0258
23.73909
107.17448
48.03826
137.81432
-144.03359
-166.40858
109.11804
-163.43138
178.10915
-127.50873
-50.58792
-156.77015
-55.84917
55.87305
124.83928
-198.43611
-198.43208
41.67576
12.10489
-55.19835
8.62094
116.85434
-60.64978
53.38539
-39.19423
-127.53402
183.78222
58.62629
13.92595
-41.4984
-87.1656
76.98793
185.96821
-145.49479
184.77053
107.71477
-50.73273
194.48178
11.32535
16.53205
-6.08121
-2.66143
-163.63635
158.57678
35.23139
-69.01999
-19.46095
69.0638
24.96376
70.20687
177.62822
106.72211
47.15024
-5.59827
152.83867
99.37631
97.52564
-98.49626
131.36553
160.11791
20.50884
36.60267
36.07881
-54.31446
132.3771
95.54436
-113.50778
79.52266
-101.83625
100.83608
-8.53651
26.6169
85.34205
-131.44277
138.42403
20.26372
14.66924
-22.33249
-30.36692
184.97739
26.77398
10.9149
127.08223
-2.32833
92.26554
163.83107
9.02144
94.44521
43.06075
49.41779
-168.23496
31.07062
-176.06083
-25.50773
26.55118
79.34249
-4.25768
-91.32964
-111.61727
41.39679
194.62357
192.50445
178.20583
191.57636
119.10277
27.96676
-24.19373
-126.30954
-92.10233
84.54935
79.22858
194.96708
187.20983
-82.22729
97.72243
-108.10454
-110.78582
130.50966
9.68824
164.7041
-139.03456
-198.17043
-142.00809
12.51746
126.76237
-34.42638
137.83424
-125.75426
102.81786
152.33374
-11.66076
67.66048
20.63966
113.3338
-171.74867
19.81426
37.24616
56.27724
60.33838
32.96329
-129.54789
68.77649
-14.80348
-101.71466
66.22216
-134.5279
-126.43593
80.8895
30.05998
165.772
-38.01976
-40.13759
-162.93459
-172.14787
-155.19982
-65.50494
-144.00286
28.71911
-122.74416
141.62559
-185.82617
79.25282
184.75746
88.08952
-170.31457
136.63054
143.16082
68.37353
77.36081
32.49838
-12.55162
79.55909
66.82491
131.34802
-113.43585
-19.31215
41.10658
35.66707
19.73829
-43.88962
120.28785
-47.23122
-5.2755
163.39652
-128.76288
-166.98338
-96.33717
-37.9167
-139.8179
161.38971
102.58781
151.57096
-128.15651
-48.1307
155.85362
50.49516
140.16263
63.68225
-177.07337
145.99425
-67.71475
69.94079
29.04214
83.28845
54.3671
108.82497
-163.89549
-153.35993
147.12196
180.89748
147.2494
77.96278
3.0127
70.95465
-86.42703
191.59833
-157.84864
-115.11323
69.59027
143.25847
-34.88655
-101.03285
-67.30327
109.05966
8.17716
116.01971
107.97498
164.22514
-85.19388
-116.4059
-119.19387
-123.17184
50.54449
125.42223
-12.52984
-52.7728
160.84335
146.43322
-169.22196
119.42181
164.61731
-150.23054
-77.0571
-191.5933
-187.71647
-56.70002
-143.99376
-126.68184
-29.05258
95.25069
7.69929
84.88778
32.57098
156.30393
-27.88924
18.56371
-97.03961
147.29694
150.91671
180.98801
39.83038
-138.82212
127.65402
-68.50057
34.65861
-108.94704
-169.69296
-184.85227
-185.95078
72.18062
13.32627
-107.39807
104.32521
193.6622
27.83336
190.68862
161.00517
24.99883
-34.29377
-82.51679
189.93197
-182.78633
-71.89156
0.78832
-137.79628
145.2423
172.41103
-41.79772
29.58404
143.62925
-103.84167
-16.57362
-188.41068
-154.36355
192.70922
-150.64663
-152.86391
58.95269
-193.25224
-143.81543
22.03728
198.63206
-198.54255
169.80925
51.81462
190.33121
44.12623
1.7195
-194.07264
41.46551
-85.85729
-114.41016
132.18369
131.6614
86.69432
-158.60061
-11.11226
-63.86194
-75.86613
177.63184
195.48302
161.34601
9.29904
-152.09942
-11.2571
-90.75793
171.53286
189.0918
-73.90149
136.88939
5.53025
-182.12611
48.89933
36.77044
167.15145
71.89056
51.19094
-144.8732
132.66685
-144.31804
172.35649
58.70277
-150.71487
184.24747
170.57207
-84.41624
170.24426
-91.32069
-18.83495
170.14487
67.27231
73.57599
55.07952
-36.40947
-190.32885
114.2937
-70.89655
136.74561
88.27054
17.39493
-81.45845
60.31961
122.46472
97.50899
-112.21304
146.86904
-131.58066
53.29989
-118.48561
-193.9182
171.26032
126.62599
-23.8861
-158.39821
-19.57066
-3.86938
-90.07233
-119.36553
121.19096
168.81688
101.213
32.12678
-54.15518
198.91508
-169.4271
-116.18441
-72.5851
-75.44747
134.87936
154.20444
-66.30692
-136.33004
9.97161
34.8733
73.01388
108.08381
-179.1194
113.25429
-158.9032
-143.51545
-80.68407
-167.83606
19.40685
-46.56668
68.53634
154.83498
74.61355
151.01647
198.99949
147.61171
-92.64955
-56.25166
-50.03232
-154.20181
-141.7553
-32.55871
-101.2454
-26.27979
148.79502
45.31373
-59.21734
152.72828
-16.9231
-171.63381
184.9568
143.18139
80.93472
157.73737
-195.46765
33.94267
80.63745
-4.76987
152.72588
-137.43633
197.59385
174.03647
140.34094
62.87706
33.51065
-29.56902
-40.73547
-22.68189
1.25578
-95.59828
165.56441
-26.99376
13.11323
47.69925
-131.38384
161.04473
-4.67999
62.16402
76.81032
30.74429
-89.86511
124.74303
-114.29119
94.58459
-78.86928
-68.51994
-26.10452
-113.14461
61.70665
54.85875
176.62218
-93.00237
34.7906
12.92903
122.50376
-13.12628
68.59439
-42.4601
-123.60492
-11.94827
-153.2146
-136.27635
112.4878
-88.25069
-7.83472
-122.35138
37.27529
26.17677
80.8292
-170.90063
75.51925
-0.26383
0.98688
-190.65265
-63.90148
-173.32857
95.28392
76.67432
-105.23776
154.32771
1.49187
190.59918
69.51659
94.57371
114.05492
159.57742
2.98203
170.41027
140.14882
128.63091
-165.97754
1.77644
-185.15287
-69.66834
-54.8345
-169.83162
36.23275
-145.28257
3.53407
65.2754
-167.20763
179.74038
81.28391
-144.76894
-37.63602
176.64409
187.59745
32.07688
-167.53689
43.4825
73.48792
-8.47867
146.15264
-94.60882
51.11891
84.1196
-69.63459
50.7105
-123.62287
26.00129
69.90837
74.3192
158.13304
60.96021
-11.14558
-26.69908
168.77217
57.32949
47.05197
-40.87011
66.76371
-63.60267
-29.49453
-124.54038
22.5972
-83.48529
114.47079
-98.71527
84.53358
-2.18336
-22.28012
7.80854
147.90954
61.16878
-13.31077
-136.56884
118.54962
126.75019
-161.86042
-87.58497
121.82941
-82.22445
-119.23926
115.26673
21.35186
97.26397
128.97602
-191.82913
-31.20864
152.74253
-55.11013
174.87653
76.89271
120.95012
-45.63014
82.74432
170.26414
22.90637
79.46094
-196.2961
-177.83578
-131.62074
-71.51925
-183.03322
105.13563
135.44815
33.464
51.74034
-107.36026
-194.502
-22.67107
-195.63909
-36.61981
39.98008
-47.2353
-91.81359
162.06719
-135.60438
-160.27896
43.14511
184.28566
-37.96369
-155.63602
135.3587
-161.33419
-189.51934
-181.5355
69.23173
-44.23568
189.35488
-190.70533
-198.48882
-194.79433
25.05631
52.85044
-96.72649
9.56601
-100.10648
139.12247
-35.55232
-67.87307
-32.57055
0.25231
78.42956
-152.12853
-38.52345
195.58525
9.74856
-185.55649
27.85342
156.64342
188.40879
128.85257
-84.35717
-8.67158
-192.90741
190.67024
134.39128
129.43709
49.91327
-18.79223
77.23096
-116.93437
68.05392
-171.44424
-81.38151
-165.10104
174.66211
-156.47394
-66.59235
-63.64162
110.33139
85.76294
131.10422
104.74569
50.92159
34.42822
41.90452
-111.46108
-117.97252
132.38785
65.88471
-22.47788
-116.33045
-159.35897
183.55789
-60.4067
120.47302
-186.43066
51.81487
127.33364
-131.55777
19.83426
143.48816
-157.99479
155.95839
9.0556
-34.71286
-165.3143
77.90174
-85.92396
88.52784
133.7895
116.09218
185.64401
43.71031
31.49797
145.72365
-71.72072
146.11723
141.44825
188.80226
-1.4453
-18.40235
177.12639
-130.68345
32.80218
39.4533
127.79691
-171.3772
-161.16437
-30.30174
158.45161
66.98663
-199.05313
192.79222
-87.8884
-53.70686
-141.73898
-113.59239
-191.1053
108.16058
-113.2362
-165.56617
104.13546
-54.5055
-170.49665
85.37155
-87.35051
15.25886
-158.07198
94.78924
-100.37995
-116.57404
39.7893
57.52255
-146.00032
-151.84739
18.0001
86.53115
38.10838
84.45282
-124.34723
-161.94603
-183.56998
138.51746
114.31791
125.14996
130.57651
69.14629
-172.47982
-163.70546
-60.37378
128.22768
-82.14737
194.72214
162.48866
-155.63432
-168.98613
188.40558
-114.02683
90.89465
41.02796
-42.75695
89.31975
11.9417
130.42619
-173.13811
-185.41788
33.81458
-16.03659
-21.72383
156.11684
-42.31616
178.18103
170.97385
-74.95935
173.93205
-6.35934
134.30486
105.58043
172.81472
6.282
81.20106
-195.99246
-139.23841
20.0755
-176.45198
-4.09626
-154.82909
-157.16099
84.04636
-190.90737
89.19385
-60.47146
-162.96793
-152.24261
-21.95852
-108.54512
-125.13896
148.96821
50.99929
162.8106
44.37778
135.99035
-186.06027
-138.84369
121.46768
-88.6217
-10.27524
-172.1926
-2.3171
8.42869
-72.26941
133.00563
-193.64434
47.81553
-117.31893
-20.80677
-9.69242
-198.90084
41.22669
-120.37102
-199.85141
-104.70388
119.39816
33.57106
1.73769
77.99019
-117.52007
73.64077
-111.54214
180.11983
-142.90859
-113.00702
32.91852
188.27691
1.68017
-124.1698
80.65185
60.65823
-30.36072
-130.6936
-57.67613
-87.13309
34.9157
188.8658
25.04805
-118.84114
-184.66059
19.38529
3.48126
-54.07948
-134.16706
186.25384
-156.60526
-88.09122
-101.41255
-132.03147
-193.20885
196.41022
-87.12728
-23.52533
60.04635
-99.66444
174.84126
178.08496
66.51205
182.06312
84.43612
104.60122
-188.08408
-122.59618
158.76188
85.75226
-18.11503
-188.69695
124.70805
176.69951
-142.14965
158.03203
-2.15557
84.45412
141.747
-111.62865
127.04594
32.44866
14.50503
60.9798
199.77774
105.26639
-64.05178
129.059
-156.69045
-176.67659
-16.27885
13.7435
15.65255
-184.46259
188.30943
181.58853
172.75318
-9.39603
50.21978
-50.36171
-171.60395
0.06682
118.70951
-8.32048
59.74211
-141.1471
-180.39282
185.34998
47.54426
114.8927
154.31202
196.40365
-27.64198
-127.50694
-88.88829
-7.26249
-188.63437
-78.35632
-98.09346
-74.86428
-125.33327
28.98815
29.6724
3.02902
-34.97417
148.82653
49.63302
44.73124
-11.79227
-114.37496
176.65303
114.45476
189.17845
142.57408
137.33024
157.91055
190.86409
-39.8973
187.57553
-12.94984
153.23257
-114.36334
196.17107
-88.25413
167.43011
-175.1003
10.9612
-77.39209
175.8912
-126.23341
80.07001
133.60436
-100.41347
-188.94797
158.89915
-91.40159
-129.3103
-114.12344
-166.79922
-83.32231
61.17185
158.12833
66.47309
0.54609
100.88478
-167.63053
16.28083
-146.8656
-94.45153
-146.18273
-173.3619
168.18976
165.36921
-8.63482
147.29951
-97.02137
-61.42312
143.04155
67.00295
-24.65122
-77.8895
-79.17998
-41.82103
191.67041
-197.27309
184.09863
-90.13099
153.29261
58.62123
184.2986
-35.49192
46.90126
-89.44323
14.49092
71.48569
3.72207
71.52567
-159.88044
134.96066
45.56897
6.75847
-83.04163
123.64173
192.05665
23.60734
67.47454
-140.47637
-161.5028
157.87131
-177.12044
168.95655
170.59802
181.04534
137.48243
20.16315
-85.93269
58.57088
16.49548
62.726
180.02296
-51.89854
-78.29823
172.21666
-50.94121
54.90775
-7.36797
11.74481
-129.5724
-87.96125
-193.84659
28.30582
-137.99477
-163.47708
29.65005
-36.16132
-42.0296
39.50569
197.31483
-45.58667
-100.7426
79.99598
-103.61053
7.93934
-116.87789
-68.75545
-184.21276
20.20846
-27.33657
193.49565
-134.49579
-13.87899
-41.79912
89.5216
-185.02394
-36.23629
-33.7038
82.41663
115.381
-34.56374
60.35633
-98.82621
193.13714
-12.01472
-117.22426
1.66868
176.66513
-27.38956
-64.29815
-134.14044
-11.82144
173.90738
30.89666
64.75887
-49.5968
9.2588
16.32132
-122.9796
-116.26382
15.66603
58.20494
133.16906
-25.28345
72.16976
178.98869
-182.10831
-76.71164
-90.98882
-52.60716
18.87846
103.40335
46.60452
-33.85939
52.27376
-124.80549
-131.98104
-78.76906
120.75215
-183.71877
21.29374
-56.58704
88.92596
98.21485
35.4993
-150.51333
-5.73204
4.53033
-175.59039
-11.21233
54.09322
92.96848
123.98873
-17.51592
-72.48144
-69.83504
89.6444
-18.16691
-132.83086
29.36338
124.70543
-72.65308
-194.94766
-168.07941
173.32363
24.72069
164.03826
-51.27411
-100.74734
-169.65896
-96.65159
97.56795
40.86025
190.66651
-4.7115
47.9321
82.93581
-43.47879
182.20829
-87.49891
198.02214
168.13597
145.48403
-113.04619
48.06877
11.08009
-180.02363
98.06603
-159.88544
49.64952
84.9058
118.65681
-155.97206
-64.76385
102.45812
107.10188
66.04779
165.26676
54.09606
-76.81942
-181.05741
-179.78769
6.56717
129.67404
61.40845
158.41398
-40.1577
-187.39735
86.09793
74.9051
10.31775
-66.30204
-188.13717
129.38374
134.29673
-24.96098
62.61143
-153.43347
-195.91671
114.41912
-26.87991
-81.06013
108.7014
114.96534
-186.06547
-4.83257
138.52354
113.75335
134.53962
183.06855
65.67126
-54.20155
-32.6982
149.63811
-130.96216
189.79263
10.36788
-132.31852
-176.22465
-168.19163
-185.64629
136.12913
64.66464
-81.17841
84.71255
-27.72354
171.43698
54.62114
193.87188
-172.29637
193.54289
104.88837
-174.85251
-57.19641
-150.11747
-52.65778
-32.72144
-37.96113
52.00898
13.74402
-167.72734
-17.15787
-61.15537
138.53426
-24.66278
39.72519
-154.10812
71.8421
162.93295
-154.2001
24.41885
119.49715
174.68398
109.44689
95.40156
-93.40648
5.00504
-65.2411
-194.89727
35.55086
-56.7437
-86.29514
43.97238
-168.5822
102.38623
15.10198
141.68109
-132.50965
-56.5847
79.18443
-94.99119
78.4473
80.07483
-133.91071
-40.04327
-54.66532
135.08622
-139.13484
167.97076
-26.67096
-20.76469
142.35496
-128.28578
58.83213
98.21754
24.27247
-123.93836
119.40189
62.25026
162.44964
91.26631
-42.13663
43.12445
-16.56558
74.40042
-113.29192
-135.53744
71.16839
-13.53063
25.34334
6.61242
29.65116
-58.30541
-38.34043
16.42261
192.5131
-58.99004
3.83167
-128.62762
65.72216
106.27323
-107.06348
-34.26729
-62.38662
-146.36805
172.9462
118.37542
-9.56472
92.6518
186.57378
132.24528
-20.38048
-152.58238
-103.5184
-4.16636
19.20405
-94.60668
-68.90603
-30.95068
49.16042
41.16644
-4.65431
162.00764
191.94189
-159.79164
-100.4335
-130.67384
67.37425
80.74503
-169.63377
31.09126
-115.61292
-136.73209
-52.01681
81.94439
198.37588
-128.63564
87.21168
40.6414
150.57431
185.57115
91.13741
-72.26402
163.70217
145.43443
-36.23455
46.46501
69.81866
-182.98176
-76.72762
-43.68492
3.87944
-175.58332
-198.56374
82.59006
40.3928
78.18817
-24.77498
50.06488
117.65234
113.77981
-85.54892
-136.84767
-185.85592
-186.9085
165.7485
74.45483
-32.83465
-178.76741
-29.69278
-118.20459
-5.79737
192.36506
-109.95253
2.77237
93.56023
-61.64322
0.0047
13.97921
4.20618
-179.18287
-77.52105
50.54821
-16.26212
37.46502
52.41958
-49.96998
-87.24122
91.73725
55.35244
32.59658
8.44711
-30.9119
-42.15045
158.01761
24.81372
68.11744
108.40116
100.56877
148.1212
-25.6269
-114.46255
-46.97136
130.18093
94.57171
5.36833
-40.6146
158.29886
-42.7228
-71.29386
188.01248
95.64742
61.75296
-63.12522
134.72068
79.37564
-110.39104
-131.81187
106.56203
126.07423
-109.18896
131.73824
71.9018
24.91064
-45.40022
102.07463
121.78409
104.36422
-12.11704
-178.08852
64.70695
-118.73142
-79.66297
194.3075
106.89027
-197.38538
-48.17916
-191.47389
58.39837
149.97115
70.40549
-146.77775
122.72648
-141.33894
168.00909
-14.62531
-116.48439
-27.05128
-172.27746
187.5991
64.31313
-50.7221
83.01062
-80.63089
67.18025
-13.38328
-34.66951
106.54032
80.58984
47.85943
14.56103
79.58597
49.21656
33.57319
-54.86988
-164.4862
-176.01113
-23.33245
-50.69576
-81.73252
-58.90534
60.82112
-155.15695
-38.94848
186.86253
-165.60586
106.23073
-106.36153
190.60733
-133.71118
33.5039
-87.99697
170.39936
91.17463
-60.08217
19.23802
-114.22461
137.15662
95.21787
-142.59349
2.59891
-154.41823
167.37022
6.29219
-92.46602
106.07228
-156.27816
-80.29069
-173.84164
12.84358
-138.64389
-123.81877
-62.67209
-6.59294
82.71278
167.36206
-179.65145
138.88002
62.50236
-156.80411
132.39685
-11.11736
187.1461
-181.00909
-69.82595
40.5215
108.5792
28.68243
35.565
24.7145
-48.91233
32.78226
4.57373
-86.60623
70.33916
50.43412
-96.91666
112.39101
169.4882
69.82203
-188.48689
17.15006
-145.09836
-138.8105
-29.29206
-112.91075
-17.56808
37.36318
-45.80242
-33.94055
19.81434
-178.97536
130.73603
114.07157
-109.97179
-32.18965
121.52304
-41.81353
-180.7347
174.1684
-71.30468
8.26913
-101.00727
107.69198
116.94254
92.27338
198.00738
61.98613
115.22446
-40.25183
-13.83433
2.26981
120.10365
-41.00344
38.25198
-88.39797
-48.45482
117.39822
103.80371
-109.83208
139.01307
23.48601
47.79042
-57.76989
-28.38139
-76.41479
-12.64754
-46.93392
-73.28257
18.11602
-41.96393
-94.34761
-44.27116
146.93358
190.87396
-183.32877
-109.36607
122.86481
-8.79635
137.83034
71.94398
72.46035
45.79919
182.53548
-27.58463
-86.29158
-192.40058
-11.16377
-92.26902
-41.77341
91.67028
-29.10913
-175.40593
-113.50831
85.33211
-190.22089
-90.162
106.22315
46.63922
-96.52089
-33.32802
111.04026
-60.39023
149.30356
-57.70766
-145.26555
100.24667
-121.22684
191.03994
197.44969
40.11844
70.60695
-153.96528
-192.25577
-167.03739
100.81572
17.66792
43.26816
164.46697
-135.17806
86.32443
-27.35623
183.85989
-166.32937
-139.42664
35.95247
-31.82538
128.20244
92.60966
-70.88407
196.98274
-57.07035
68.72822
-187.23766
34.09046
-181.26336
-178.58666
169.02934
-128.15229
-180.03766
-122.76854
94.5196
124.06325
66.66155
-92.64976
25.42674
49.81175
-55.70213
-181.2551
36.38708
-140.50723
-197.19641
-27.6641
-154.53327
0.09818
57.40075
-171.35889
76.12947
174.34191
-21.99283
128.63794
-104.78755
-42.86746
-52.21747
-155.72578
3.74758
-102.67569
-79.67455
172.63422
5.35515
188.57212
-132.0553
124.28676
-89.16851
-16.27969
-149.91795
-111.17372
77.27018
-38.58337
-101.75155
107.44236
-169.46526
103.48619
32.91881
93.32092
-30.25639
112.98496
146.86258
-22.08923
-162.1929
152.60117
-134.63786
-59.06537
-143.91797
-102.03418
-11.5004
146.17002
115.42888
139.73383
-123.64214
-145.22866
-1.81888
-52.81034
58.22242
190.09689
-183.20753
190.56492
-93.22817
-82.42244
-136.55476
160.62648
-159.52268
-16.52121
163.04172
81.11684
-159.94774
76.29255
181.59071
-127.72437
57.97113
177.84198
98.37949
-89.21649
-99.10526
-179.05242
50.45813
-86.93836
-149.22005
-163.96058
133.10803
-47.53876
-82.64227
193.29468
-41.77028
-53.93052
-163.41551
-19.54899
-184.35756
-142.81949
-77.33495
-85.50799
-59.4145
-90.35556
23.66426
46.46459
48.9341
-180.80978
-144.04408
62.31118
-120.5779
75.87677
109.03206
61.89754
111.55635
-179.8321
31.10739
-38.08576
29.95398
154.77334
176.86935
-25.67217
-58.92529
158.30918
141.33127
-54.9187
-147.9678
125.13596
-50.72585
14.95425
-161.75817
197.86717
84.05342
-125.50477
65.32127
10.79044
120.69063
76.50164
19.84651
-43.60687
131.2412
55.95899
-149.63773
98.36206
-153.2895
18.99381
-167.32078
134.41836
118.25673
5.3682
139.2768
96.9661
85.65695
-107.93932
58.01491
-51.36079
102.88064
-48.92829
166.36669
71.46602
-81.24784
-180.98042
90.50909
-94.23246
138.64415
119.00424
-20.85326
172.96391
60.54385
85.11501
95.54963
132.17016
37.64869
12.8295
-14.99391
-104.17606
-52.63352
-35.75923
16.34083
133.69613
-135.21725
-107.45871
83.58333
-47.20356
167.34816
194.78671
150.14449
194.61888
91.96593
4.10913
-102.10883
41.53064
-195.7271
-42.36681
93.17749
-82.28239
-96.10548
125.65161
137.9329
-15.56742
-18.41591
-107.63635
140.5558
-21.21456
182.99937
166.10954
55.19306
-68.50308
12.81219
198.78202
-182.26144
162.23315
118.59013
-20.26239
-44.15386
154.90677
124.34675
1.786
-157.21746
190.56387
13.8349
-136.651
-178.88569
-23.74028
-82.62581
129.06244
176.04805
150.68536
-6.12403
61.38631
38.69549
193.26306
-56.78212
78.62705
-11.26923
-72.34516
-118.41312
197.87527
-23.16258
-29.50005
-34.34064
-172.49901
-75.67202
-162.81456
144.47482
-73.50382
-38.88908
190.28997
-118.68717
71.75007
179.38744
0.66059
-145.97241
17.20542
-44.6834
-94.32218
194.07875
-139.87013
174.74567
-137.91007
-141.12608
-48.72304
193.13552
77.4207
-37.79726
101.90394
-180.92627
79.35329
126.02025
182.52185
142.857
43.22072
169.75909
24.74578
105.64644
-42.04299
-134.62604
101.64808
9.4999
97.35502
-140.93924
-168.05532
-78.03405
-84.84927
-56.64004
191.68171
-185.08657
90.39144
-189.51143
52.04163
154.34179
-11.61493
-123.81843
10.75102
-67.37525
-15.58557
19.82153
34.32209
-81.26934
168.65698
156.18141
177.08837
143.94973
-159.67931
-118.36216
-189.38226
107.25543
101.27173
-99.38059
25.7253
-36.30213
-120.30489
-74.86307
185.34898
197.50709
-61.77995
165.62562
-22.23272
177.68983
8.91636
-170.24149
95.98819
40.37902
-167.12259
115.02751
-106.54489
-137.01392
111.31754
-148.19194
111.17099
49.09564
6.89912
181.98321
-197.76218
-9.73908
-60.64328
145.74844
-35.33249
42.93874
85.32481
-14.77614
39.54905
40.66054
-77.32936
-32.53461
127.14515
-182.55634
-154.12647
-133.02283
88.64687
52.7233
197.60663
169.90769
151.85417
-197.11704
104.27705
-54.82717
-162.03065
122.46123
-98.30792
12.6453
-160.7355
-144.57679
-184.68045
184.95777
173.74736
156.66387
-155.11371
78.55072
-167.08324
196.31577
16.89103
-131.35912
0.59065
60.30143
141.59527
170.13731
-102.45901
-23.7463
59.17626
-166.75515
78.45469
-91.40298
-100.91243
-174.8909
191.44073
-176.2713
153.83957
5.5921
165.35789
187.15193
177.64472
119.37646
95.62994
101.27057
-91.04539
55.75707
-193.65117
103.98352
164.97937
144.72275
78.14794
-67.59559
-133.41705
49.25535
-96.3182
52.06346
44.04106
-27.16926
-129.79165
-7.74718
-172.01356
-117.73332
136.88911
-189.57684
-6.6164
31.25647
196.24795
77.50703
93.90026
90.64174
-163.04352
1.60472
-148.73182
49.05558
-157.19478
114.7147
-174.49387
-17.18766
166.08881
73.0484
-25.96728
-191.17135
-23.25304
-166.15896
62.76499
99.16997
60.23312
-144.42667
-138.76019
-196.81462
94.45616
-57.47352
183.65239
72.62229
-167.09439
49.5344
-130.43672
88.79318
89.73163
-157.45019
-156.95812
-53.58325
139.14189
-67.99201
109.05735
-153.80922
-52.61587
115.35264
-112.04747
129.74621
-0.77932
0.82301
-181.85134
1.10364
-44.2592
-167.00372
-102.29023
-176.71932
59.6264
166.79103
52.57131
-3.2725
125.93101
64.8175
75.94629
-78.12473
72.31274
152.32549
-149.98311
-127.66604
-128.38564
95.57009
28.7465
-108.73218
88.36057
152.23678
-6.52337
172.28032
87.32775
114.76577
-40.76943
82.51961
144.86682
143.99222
187.84024
-6.59307
-22.48817
-92.68198
-115.18274
65.03372
52.70423
-46.20031
170.00736
3.37901
-2.12728
109.76862
-35.88497
-55.66481
-142.94414
-46.50282
151.66351
-157.62664
71.43314
105.67913
-50.37635
90.18326
76.97616
12.52241
-173.30138
-159.02246
173.70673
97.23072
-128.97415
-85.5425
23.21992
-105.43749
35.5042
105.60347
142.35489
187.11335
120.85451
-108.48522
-11.71064
53.51763
134.98361
45.16416
-198.18495
-149.52887
-186.29688
-90.9643
124.90218
194.06323
41.15607
-107.84422
-114.89432
-7.91305
-21.85937
-140.13673
120.82171
97.67417
-160.85083
-69.00699
-158.38999
-126.76371
73.57694
107.53762
33.57943
57.00463
-71.87639
174.64448
-156.94206
-146.55435
-111.90725
66.38294
40.45203
69.7586
-192.4073
-64.20164
65.32075
185.33935
-181.28427
-68.178
-198.81424
-66.79881
-185.74138
181.0684
-173.93038
78.64066
147.63172
-56.72543
-183.91163
88.32757
-116.24718
-135.38199
18.4353
-75.75068
-14.04409
-131.55156
-12.14966
58.75435
-3.16923
-139.71996
80.83979
-47.2539
118.40964
36.12325
132.95176
-135.51039
-190.5231
-28.60532
143.60215
2.09318
-4.96249
-159.83048
-158.18744
150.06295
-163.65423
184.46713
-38.85031
-50.46297
41.21516
53.71183
-117.4393
-155.29564
-56.01064
-174.44134
73.98749
-75.17577
133.97554
-177.6309
-186.95104
56.25984
13.0241
-182.10598
-182.19422
-155.14898
44.7501
-38.22519
-48.25367
-85.35343
47.3149
29.8463
-164.49088
-85.77806
-53.41644
127.23072
-11.63505
-163.39108
65.89885
-116.08462
-86.45188
136.38947
-57.33736
123.03682
-37.37777
-85.87439
108.91891
-16.52307
-135.44746
-91.30425
163.53216
-29.71223
11.06159
114.05739
-129.96104
82.95267
-192.79652
199.39594
105.2696
-192.28707
112.27892
131.65323
190.07439
81.88799
-35.31152
-165.48457
-6.47342
-137.40268
108.33188
-4.58134
114.63193
-76.47894
36.52577
80.75741
-123.44959
87.9246
15.69766
-26.19896
46.34537
99.27103
-186.84778
-64.17557
-96.66948
-125.71868
-21.12497
-111.45325
-70.34455
93.06787
-36.17925
177.25573
111.64
-177.22654
138.40945
-83.79328
-146.76585
12.42191
192.00997
84.14488
100.5844
196.86084
156.94007
-194.90459
-74.94578
84.79358
191.73748
-75.40591
89.1048
-103.79118
29.11151
189.4202
111.52669
47.87198
135.36459
-179.09773
-106.40272
30.85082
-160.52994
86.76569
-165.087
199.2518
101.29878
-2.32023
-84.15785
199.23937
-180.70344
-167.76582
-153.59257
-27.70058
-50.2868
-113.56717
-158.6985
28.39722
-12.98585
148.54737
19.09143
175.93029
-166.69773
-2.70306
-36.80512
191.07735
17.69484
96.43346
-10.90236
-141.61183
-127.47084
68.85453
83.68699
107.80186
-94.9431
-165.22469
-181.75819
30.75606
97.55425
-72.57062
192.09054
-195.1476
-79.64579
43.65935
164.18305
-102.83147
-50.87714
131.01944
53.62137
102.14756
11.88258
-21.41749
23.01237
-69.20781
-162.65
-197.99359
96.84545
77.65162
137.43078
-1.30499
95.95073
57.36975
107.23056
21.58066
91.30783
-123.4099
123.8908
-87.04222
122.46641
33.90435
99.51739
133.00194
-58.72349
-18.36007
175.62233
-80.52923
-84.70217
190.41889
-97.21249
55.00145
101.02757
39.69183
88.61172
47.12636
-97.67705
-115.2478
32.18703
-121.153
-189.74603
-172.12458
73.40194
132.01831
110.84224
-163.05847
36.58131
14.0346
-71.30171
-167.65119
-5.88335
3.00383
-118.36493
-121.31797
139.43648
26.56747
-129.60773
-34.49197
-8.996
-48.59698
-148.54175
-102.41661
63.12957
-163.00717
-127.1426
-64.64392
-128.71432
-182.04877
-59.41259
-107.88399
-69.88084
81.8057
-13.043
-176.53764
-138.13864
181.14027
-44.69206
152.31625
10.00512
65.01237
8.12424
-13.95179
169.74081
104.54466
-40.01408
-94.46218
-195.97772
103.08909
-122.87943
-95.03047
171.04762
60.24478
-121.62465
-91.51398
152.06379
122.52473
-32.83004
-16.15201
-59.87015
93.44705
158.51337
125.18849
-153.91137
32.18848
192.43286
-45.96615
-30.04151
-149.54174
144.4296
142.21714
195.24238
-154.81155
166.88089
-183.47527
139.16193
125.49497
-189.48501
133.05306
-5.19953
-20.95914
95.6075
-164.41876
-21.7713
142.55631
-92.99217
-170.78809
48.75521
156.27179
118.12632
-117.91624
54.42207
-37.20623
-62.86361
83.95445
-148.15397
60.91147
-25.98524
98.42978
7.43299
89.99807
-32.06895
-185.28338
59.62724
57.75385
145.71271
-64.84345
-91.78473
-48.32859
-13.9428
88.44735
-119.86818
-120.45973
-35.14414
-140.76303
-45.40291
-40.95526
12.84419
-56.28518
-136.73585
157.03506
-71.24383
101.25264
-165.25499
-98.10636
-9.48255
-175.72007
-176.24399
-48.75046
-134.62222
-122.01191
-119.37476
114.97952
-152.79657
30.07275
58.13101
198.99227
134.58
-114.7286
-53.73316
-37.77758
181.80083
-48.18018
-181.14213
-57.77421
159.75792
-59.04683
-123.82118
41.10827
-66.33731
-18.47181
-46.98154
-58.85317
0.06215
-14.25391
-98.60875
-44.79915
-31.47283
-194.8611
32.8326
-109.75503
-154.11483
-42.05431
30.19966
75.85857
97.96693
-31.69168
5.94236
7.78674
-85.43598
-63.59855
127.14178
151.13038
-40.98329
-51.61902
120.02674
118.18994
-14.18371
140.24153
-78.74295
-103.37683
-21.56293
75.895
188.7504
-25.25717
-152.52684
-61.68441
26.45781
-14.32209
-58.21173
6.15305
179.63743
-20.80248
-159.98414
28.59172
111.09887
192.32862
-89.1691
-77.77234
60.61924
8.80756
184.3389
-154.29333
160.0704
19.84129
-45.69429
54.91612
-8.88682
-98.75131
146.92039
179.45398
172.82949
-56.87585
-165.11217
-147.09453
-93.29915
-131.6163
-95.74719
-144.11234
-180.83242
169.55301
-71.34592
86.63985
-132.22593
74.52712
-139.49183
107.21009
128.3688
-94.81512
-94.48101
-56.93673
-27.77109
7.39713
-72.73175
-80.37025
143.66309
-37.14136
-31.996
-161.31557
-39.71316
146.8298
160.9748
18.14257
70.4967
-146.21907
-91.46842
119.72427
107.2266
30.35122
-130.02645
-40.9795
142.4583
-57.83536
-121.62342
197.70999
52.15601
97.3327
-102.70021
-102.1359
-75.44927
-29.0377
120.36036
-83.02837
138.9862
-136.85584
152.1495
-61.16302
-152.57878
-164.38059
172.7868
126.97734
-133.24782
-55.33967
158.79707
12.8978
-118.25563
167.59737
179.4965
-52.6318
124.58697
155.38437
-41.33616
193.72518
63.30631
20.01981
-78.21901
-151.80979
163.48915
-99.32645
156.74841
-79.67602
-43.87366
-132.0473
-160.20614
25.53241
47.47507
-140.36905
47.08406
35.45074
132.8386
120.67851
-127.05154
-98.53275
-74.33985
-167.03224
155.06252
159.80583
-178.93932
79.20732
53.4519
-97.81477
15.18665
-173.9354
48.1898
36.34585
25.4144
-123.30772
-105.37891
-147.97906
27.35072
-37.29741
-26.00121
109.7084
105.91953
178.65105
144.43985
94.95281
198.04551
-24.04195
96.10524
83.72716
94.87324
-49.16822
-76.0434
-70.21478
-172.50304
-18.96297
68.00097
-10.52299
146.67136
-107.94832
-31.85984
1.57697
134.926
-25.94154
-93.46142
83.44773
-48.25401
-154.76588
-124.71401
-47.54879
156.83631
12.22798
-167.32483
152.29354
63.13356
-136.38384
-27.21932
-52.3225
0.35023
30.90147
-10.28489
76.92313
175.88464
-97.26151
15.80054
-98.52603
-181.72634
69.27084
-127.5022
-153.9856
-77.94342
126.11324
188.96965
-132.22965
-193.68276
5.78207
-28.59825
102.16554
-137.2268
9.96769
134.35776
-57.23089
56.66697
26.55706
24.48919
118.12534
68.53561
-166.34749
22.48968
170.47072
-73.85147
-124.59543
-29.91763
143.31892
-102.12695
-128.39837
175.18304
175.72432
-71.97808
-198.35821
-149.57301
-27.74265
-170.43334
7.14174
141.55882
-13.61229
161.34845
-135.21793
-60.74886
-151.62701
-193.37308
-63.07134
-147.00997
-149.82088
-193.74477
-55.93688
80.37161
79.65648
143.25335
-65.14387
185.54158
-44.2312
-190.9602
93.40544
10.61179
160.01824
-94.57108
84.16592
-61.72589
-131.90491
-36.7927
140.78037
48.28422
42.32777
29.38313
-120.73031
-118.78375
120.55939
-177.77621
101.69696
158.16971
115.3977
122.19354
-106.8299
96.07375
165.64389
-170.13467
-127.65291
163.23313
-27.24295
150.84044
-44.17591
160.92733
198.56174
137.78569
99.57758
34.70931
-194.16289
192.43605
-190.37297
-80.81294
37.99887
-103.18847
108.31012
90.70077
20.0885
9.02584
-72.18955
150.51795
22.47704
51.188
80.54439
197.48234
-120.88175
-37.8188
-138.22992
58.93178
-101.74317
170.77902
-176.04441
-100.71663
29.39351
198.68404
4.57533
-183.05698
-37.76933
186.23548
-24.94362
-170.35969
64.17631
70.99891
-199.91414
-123.38309
36.417
180.03237
117.99105
-117.25945
186.99637
179.09832
-198.22097
84.83619
-176.66858
-126.17001
51.24574
109.53478
-70.60542
28.80567
-83.03466
162.96312
-180.32712
-76.10599
48.77924
120.21994
101.08052
-145.86123
-34.38474
-140.2817
1.51796
-186.66786
-176.40884
-175.67163
52.19753
53.92749
41.85574
171.8583
96.74383
11.54902
-175.62963
44.46959
163.44394
-125.78368
-57.72891
121.06176
-25.071
116.28827
-147.17519
-1.644
-31.12083
36.44253
-94.91268
-41.01838
-94.04931
-108.83235
172.29264
-100.49863
68.32597
124.10895
12.31898
-197.37655
102.02525
72.18615
105.36781
-56.19125
-133.19562
137.95498
-123.69103
15.75018
156.09762
121.57706
7.12952
160.56157
99.85166
155.17437
192.11394
148.20764
-137.22682
44.11324
-115.864
-109.38579
197.92322
-172.29267
-92.9479
-197.78628
153.1628
-79.33819
-170.15939
-83.19831
-188.45351
-63.76182
-139.26941
-128.53887
-79.24112
-30.89845
-178.10246
-100.93634
-25.52494
127.53152
-94.9773
34.52605
-55.44825
-27.96558
160.49413
132.84612
197.7944
155.57911
154.74766
82.55192
107.09511
-154.63572
-94.401
-133.74255
125.22115
59.88808
15.95599
27.4124
-42.1791
39.01694
34.48973
120.60268
-41.68678
29.48499
-168.43436
7.14653
-98.96177
170.39046
-106.55153
190.1776
105.31684
46.812
-98.58881
23.87976
114.93874
166.50289
136.64658
136.27152
-55.18265
67.95274
-50.85051
19.2761
35.35385
-158.93471
-180.32403
-150.87704
128.03071
168.86328
-22.73609
6.43623
171.12725
11.749
-155.0049
123.2304
-39.46954
39.88835
66.74139
-18.47641
-106.05714
185.17988
-182.27259
-59.28925
78.46036
123.90351
122.22752
-111.43757
-19.34132
-43.52517
-143.05217
-94.44037
170.71291
73.91445
-152.42642
92.80068
-164.58881
-50.28892
168.17964
190.92217
-186.67459
52.68202
65.76753
-121.26074
103.71948
32.02228
26.538
-162.03687
110.81003
-167.11155
78.617
178.16892
-174.0935
-196.2998
155.28776
183.32292
170.94974
-74.28018
-196.99248
53.67471
164.52717
161.56633
-178.55207
-70.32663
-46.53801
112.87999
24.83788
128.94422
-129.04309
57.66403
-140.60641
33.10969
-22.82663
120.42486
128.28955
135.21917
139.46326
140.51847
130.17386
49.81781
85.44016
-11.21277
-97.7349
170.63782
-158.70919
111.90424
-53.93193
-97.76464
-37.19721
73.13864
170.38997
25.52595
149.48655
158.91631
121.4885
-116.29893
-124.62155
197.2544
27.16042
-149.21359
43.33186
-97.90389
-129.29931
81.20552
-43.82999
-36.32164
109.46719
-195.62339
115.82418
-76.46862
127.78835
47.15036
161.75923
42.7908
21.27723
47.55003
-16.65449
9.28631
-138.72597
184.28326
-157.14919
-136.32998
12.44673
-32.26389
-77.93252
114.6076
-166.87389
-42.70303
5.17615
-10.97185
158.41563
127.99797
192.98935
-127.97238
-177.73554
52.67037
193.97113
-152.50564
80.62047
-138.31805
164.31746
40.21441
-149.97461
176.76987
41.84922
177.07012
-151.55918
-30.01345
168.52244
97.37554
37.3833
-122.33732
-105.47686
-7.02636
-137.12096
-72.54299
40.49076
-63.99383
-48.63218
39.69058
33.76387
195.49802
141.10775
-194.4768
32.43182
-26.06118
-80.4922
137.93262
-8.25165
177.93694
-69.60309
-139.92169
162.97097
-15.17856
160.87842
18.46242
-105.31724
-198.8178
136.96701
-54.01031
38.62942
43.66836
-20.69153
52.33596
-17.93994
-128.56459
-17.39989
7.01165
-127.74898
197.5719
167.80813
49.42571
157.69306
-93.08494
5.722
-149.74235
168.73743
198.34474
102.42054
110.95912
112.80323
-86.82168
-32.03374
-7.20479
-66.16474
-74.55214
-38.37991
-127.05649
129.99635
-38.9316
-38.54229
-185.05482
-122.93634
56.27851
-103.69133
170.97169
101.08036
-189.23852
166.73436
-77.6658
-29.8797
-173.11834
-124.56411
125.77223
-98.6825
83.16913
-16.86518
81.0052
108.95587
-165.40193
-184.59985
130.8747
-90.26451
-19.17525
-15.05475
-11.47664
115.67294
60.31631
-2.57273
95.5551
-54.6336
120.28686
166.14074
160.52438
-76.94562
-158.26789
195.01327
-64.29802
-87.16156
-142.48054
-141.36463
85.00826
-15.62384
-39.27268
-150.43801
-169.29431
44.4761
188.00771
-69.2396
197.69833
47.91856
-76.52551
-105.67556
180.90899
185.75812
-57.61406
-128.90401
-144.38895
118.13096
99.98671
-168.63312
-93.48837
87.65106
-199.01709
164.80704
-128.15176
162.8208
-52.17155
13.12246
54.97159
-185.79137
120.0717
-25.7495
-27.71099
90.57806
-173.82475
60.25015
11.47836
-39.91344
21.70512
102.8622
42.9968
-135.35497
57.90609
-148.75776
-48.8736
-180.94786
-125.82262
-90.39517
-164.59018
60.76173
108.93072
-125.72504
50.48079
107.79059
4.09497
158.43069
-151.05783
119.27682
-39.48974
-42.28582
117.4199
26.5018
-138.95496
58.58152
14.26531
-93.59954
-160.95714
-113.00228
-11.67769
106.61279
78.92577
23.45047
-38.05479
-79.43288
-100.49804
145.56027
194.36857
186.98902
-176.36674
-58.70182
-172.27943
-41.79979
-31.59943
-35.73409
-174.76708
166.86508
177.113
73.21194
-77.1769
77.0862
58.12615
-151.74757
-3.55674
142.33678
-190.28183
-153.40595
-125.21006
-73.05373
-115.47283
97.44134
29.06831
-167.80341
129.9618
-156.60028
-136.09983
39.23019
-45.25117
-131.23328
133.80673
-73.46237
-47.45051
-45.17807
-91.41175
193.44423
-186.71876
144.6672
-112.27837
-188.27435
-125.39987
125.93285
-108.65845
-91.24285
32.35147
194.32461
171.27238
-187.48249
63.85625
-159.15649
108.81866
196.25541
185.40732
179.99359
-144.4237
146.14438
-181.46673
95.58478
-130.48944
-173.98761
133.42026
181.40294
121.83338
118.97546
-180.25863
188.60373
95.73221
95.87845
-92.59303
-190.37138
21.42045
-52.43391
50.10272
12.1266
-163.68631
-107.97171
-122.4931
-194.35217
144.70375
-85.59413
-124.56215
36.01694
165.24363
-39.98081
-2.30617
-43.26833
-30.38496
24.59569
51.50299
-118.31444
-23.27555
147.7982
-87.23816
-90.55478
-70.38839
189.42616
-100.52915
77.74474
-195.38939
-12.6122
8.81314
-56.94181
-146.62045
-189.64553
194.81838
117.71018
98.10252
-33.30401
68.83773
57.5384
58.10712
-142.91036
17.32175
-108.80575
121.45245
-97.40344
-147.13656
-95.67761
36.03263
-91.14692
36.30391
92.16689
63.02727
-149.47217
-92.48729
-195.40316
50.49929
-138.69651
-4.715
-131.66177
46.38421
2.96395
175.36249
-93.46693
77.47238
-75.93249
-198.35388
169.6479
154.66315
-19.92307
170.37284
-107.66687
-80.71432
107.54215
-22.37791
-94.89473
-11.69026
84.55695
57.09422
-101.71768
-38.27317
86.72787
-122.5598
-118.47431
-159.76001
-77.51628
154.29666
192.97779
29.72475
149.9649
19.52795
-74.69485
172.7778
24.78687
195.58323
-41.95352
57.2179
104.21017
-114.48068
-27.34122
-94.91483
-57.59534
87.91901
-141.7948
-32.23168
42.5748
-90.84072
-63.8728
119.23876
104.50676
151.48133
143.43778
43.34587
-19.99646
-79.87342
-141.93491
166.50158
85.85459
-118.25543
59.33313
-144.79086
143.24823
-124.94068
-14.20896
-58.78305
84.40618
161.56545
-109.77637
95.00046
-113.04183
99.81493
196.79832
5.47421
-188.36072
74.89151
-177.66806
-104.24058
99.67513
89.18411
-128.98358
-145.37166
8.07046
46.77838
-122.37352
121.27353
158.28664
-116.20542
-64.67416
10.90426
92.4638
198.5288
-129.52018
-51.64037
58.16936
-76.2147
162.89781
84.94264
-2.86794
197.28838
-47.17751
47.42806
18.1511
-144.24652
-165.93818
-131.84069
-7.33209
-152.67869
-95.72445
-127.54795
8.97223
-74.62353
42.34684
-20.90896
-70.97994
122.05531
88.3979
-187.7927
163.51352
-114.33638
-66.34064
140.91157
-59.15122
14.93718
-184.61748
191.27257
-21.27852
164.88641
-81.89089
47.13782
-29.04404
-20.6219
-123.89429
-49.9408
160.15072
-62.94511
192.10809
-28.95268
-43.46502
124.2331
69.75706
-130.37853
-137.33139
56.06066
-42.93987
-2.18175
-125.67498
-27.14754
109.59128
195.15813
75.98472
-4.29108
-48.71124
-160.88789
-13.55566
42.17481
-112.48183
-92.89546
182.64448
-30.60986
-55.93539
-109.34304
32.66288
36.18359
-1.31963
-95.28542
-178.57616
137.99497
122.42296
17.69602
-134.1696
66.31423
145.91704
173.68865
40.33355
-83.43985
-37.37315
-153.42531
-57.05644
-45.25855
52.89164
-85.64862
56.35847
-119.81046
-148.61293
15.69819
-167.89819
-100.07882
159.54382
-136.25161
-180.45115
96.39491
44.72192
156.75883
-4.91193
71.90844
-5.77373
119.95398
-115.1253
-38.48764
-143.2313
-31.06219
151.11066
-87.09458
156.85364
106.05056
-18.88343
6.52321
193.12089
-77.34652
-112.33533
-82.09911
154.49498
170.64384
59.13609
194.59183
-104.20715
-37.19176
-114.08613
-66.60948
-29.80815
199.31858
-149.3818
-117.43134
166.20828
184.59348
-146.29265
-151.9631
1.50723
-20.40593
-9.474
-188.83676
182.75457
-0.44087
110.49477
-101.09164
75.38567
2.74748
7.18666
64.83331
103.92401
-162.02448
169.66317
-57.26425
46.96086
1.98148
-4.24491
165.87181
-145.91905
-33.69075
-125.66308
98.55011
-143.79439
5.10052
-139.40582
-16.3454
-100.61192
88.01622
-129.25755
123.70697
29.84329
-117.02342
130.74654
122.2169
-180.31723
-60.09722
59.73096
-99.91283
147.86798
73.54495
10.22617
158.27138
193.73819
-181.66731
-186.88994
18.59801
-190.55359
149.08819
-86.71774
-4.68014
-174.95259
-16.56594
55.79067
62.09458
-15.99992
118.23467
189.99542
141.84404
68.74339
80.24571
-190.19658
-159.8001
-156.85402
52.9684
15.06187
-43.83832
18.01771
-173.48997
-190.94642
149.93197
-38.95429
6.45301
191.82069
133.45367
149.38659
-136.59749
-68.49855
-181.15961
70.65304
-184.38507
-4.46867
18.27765
153.81335
20.77082
-16.47189
-20.36162
-25.64424
-159.80334
-106.72215
91.02855
-85.60018
-189.34907
190.55227
-29.55419
167.66455
144.19594
112.35491
66.56852
73.96337
54.31698
143.97951
172.57741
167.38095
180.54377
192.12641
94.41504
-10.15582
-117.17133
-35.56083
88.76233
-121.51703
194.11753
-87.20047
-189.99875
143.26045
129.8133
16.01946
36.66984
-11.00522
156.8587
-71.98318
-188.75829
-130.26224
67.26783
157.12821
-183.38153
112.51169
96.23774
-190.59027
-121.34585
-57.1961
-36.19816
26.65734
-146.79634
61.19956
48.22378
-4.09709
-177.62162
-186.7607
-76.38733
36.22556
-155.41331
-175.92306
53.18868
-70.60703
-140.11515
-88.87682
19.19293
-185.1817
18.7428
-56.48717
135.53756
84.05396
130.55669
-38.65044
109.28666
-183.97097
-23.63834
-134.86731
62.79481
13.89842
-170.07497
114.13417
-108.81955
173.93025
11.17319
118.85305
40.85913
-116.82827
-27.591
-138.58365
197.77543
-127.83364
139.84826
-54.39356
147.9859
-25.47204
197.45057
36.35796
193.37163
100.92418
120.56293
147.13882
68.13008
102.68557
-87.82543
-124.39751
106.86705
-42.41891
123.62335
-72.50958
-195.04842
-64.79434
130.0635
94.27333
-76.07738
-125.37582
164.96613
-112.69924
-19.50549
-36.84491
133.7735
-81.72049
-14.00101
-112.23731
-29.76013
-4.71717
61.25601
7.69062
6.04627
-196.95387
-189.61313
107.40777
108.15864
99.4618
-164.13831
-154.05526
-104.30485
36.51821
107.35114
-84.86532
177.08914
-56.46815
-128.54117
-10.36916
-67.06251
123.85807
-71.41807
16.832
149.00046
-69.5639
172.14583
77.59718
117.23533
107.88472
77.79532
88.44452
-45.99094
72.38282
153.71274
37.17668
-115.33211
24.73055
-18.64622
-88.47636
-96.59586
69.52502
-68.28112
193.79595
31.69182
-79.58662
144.32854
105.75834
-187.58017
46.29452
17.1908
-70.06666
-114.47916
58.23135
-74.16357
-197.89302
-48.00913
-134.39392
-76.44063
84.85821
53.65555
138.02306
156.38928
55.27094
144.20666
48.99939
-32.50471
101.83755
-191.6218
-5.62022
-132.67496
41.33529
-58.63404
-139.45769
-26.54959
-78.82087
-78.78435
-16.93382
62.65048
154.38391
-97.34653
70.32376
-121.21165
108.05525
39.36651
-144.9847
82.74475
85.41843
-182.25633
99.2305
121.25432
-163.73989
118.11225
8.22498
129.32472
-68.45814
-18.5454
-156.62626
-84.3781
-119.83623
19.11135
158.55945
112.24677
1.2166
82.90255
83.2374
-187.94202
-35.38522
-9.06041
-79.39205
22.30077
-189.20162
-50.13258
123.23207
-71.66461
-47.21957
-50.2554
-89.17531
23.38935
-111.73677
-18.81337
-2.025
-126.86107
95.02623
-75.88206
-71.1436
194.7773
-185.93189
-171.35529
135.62305
-28.17234
38.63324
156.19312
-136.98336
138.32254
199.87659
131.55687
-35.08221
54.87452
-124.01297
153.98024
-36.46614
5.6229
124.00909
-32.04526
171.08504
-142.32366
-111.96702
132.81844
191.61054
-198.8227
24.05051
-86.05765
-134.40579
-76.715
-196.7656
131.8076
-48.99285
186.57795
195.82763
-123.99543
31.1961
38.44594
-25.28921
90.3296
-114.86166
-94.21585
-99.80259
26.25009
111.03268
-103.67953
158.65125
21.314
7.54929
135.19857
-166.24423
146.22608
-135.88536
-80.82622
126.73165
59.77838
-154.23011
-162.39371
7.87039
89.2715
-174.68311
-51.10476
18.76419
-107.33524
-42.28465
-32.72137
184.75498
183.40936
-34.16306
31.21981
-61.45529
179.25888
93.94563
-34.4817
29.07083
53.23945
49.66715
-45.76795
38.59826
-194.92441
-54.48916
-58.98879
197.87059
6.97905
-151.08981
-30.54955
-185.92988
-40.23248
-127.18976
-59.86212
-65.73901
16.61307
-6.20919
-11.30086
-165.53392
-48.65441
18.96304
-57.35319
168.13144
142.83214
-51.88362
-19.92495
182.56809
-37.07474
-154.64323
73.2402
-44.06545
191.18161
-183.16728
-41.22887
168.44352
-182.95187
198.10728
-120.70549
13.09606
79.47449
-23.90196
162.62654
-46.94295
67.2388
141.28433
-6.94701
-148.54467
35.58956
-116.42398
174.4883
152.49043
150.01585
121.13931
103.62855
29.94513
70.50996
-101.5413
112.41625
148.36028
-153.42946
-142.17668
-146.82253
184.54512
87.67168
-19.28221
191.81542
-179.65205
-25.89393
189.10309
-167.46428
164.59901
-37.89331
165.3583
138.69947
-77.5729
9.08668
43.62762
-139.90597
118.29003
-43.59935
-189.6127
-190.14351
93.35737
-34.31755
-183.58474
-135.54656
44.24899
-107.59219
-33.78557
-18.59577
60.98276
137.69473
-179.61149
-15.30424
-187.98113
48.50866
-63.89796
11.91724
55.53212
-194.21525
42.93908
111.30319
-12.38032
2.44538
109.04207
14.50384
175.25072
73.11704
-57.90234
-165.9816
96.83857
138.35806
143.49344
100.09815
197.74028
32.35193
-189.42302
103.16616
-172.53748
85.12294
-82.72552
39.50644
-190.19861
-180.72066
-190.87555
-104.78695
-37.1994
-182.82339
192.51656
102.67327
118.38471
13.69406
-33.85344
-190.12808
16.68984
122.17169
-4.15329
-100.1822
-50.64902
0.97531
-111.38968
-28.114
94.32916
-137.95187
-195.1133
-197.29113
-196.39007
-129.3303
9.07845
72.83488
-83.91725
-20.4163
88.36517
159.31738
39.54164
113.02829
101.62528
198.84191
50.98782
-95.61648
152.73666
147.28592
-86.52075
100.07621
-141.60964
-20.42693
-21.94351
-118.54796
-166.23124
55.79723
122.86533
-49.06995
-93.93392
-105.74829
-43.63816
190.79484
30.37714
-89.14831
-74.7922
-88.06916
-82.85169
41.72823
-66.59155
-59.53205
152.98418
-156.81793
-54.42152
-29.35993
-116.45813
-62.26514
67.98255
-77.82815
-20.00169
123.70865
150.44382
-53.61615
-23.91184
174.46045
175.378
197.21541
138.08895
-121.38886
-97.30578
15.53505
129.96903
-12.60339
100.05582
69.06586
-140.30504
-121.90186
6.51182
139.42207
-14.99305
-58.85774
10.07712
112.54899
152.54971
46.08285
61.1965
163.4639
-8.21472
175.37151
4.90487
-36.22336
-70.95783
4.22479
149.58507
-17.06261
17.66639
-106.59951
162.978
-63.76679
-121.79723
-167.52719
35.82851
-192.50448
-163.73551
-107.24543
11.3188
-142.80519
45.10636
-163.95633
189.22468
-184.39563
-77.81219
61.1255
194.94693
-135.12609
86.80323
-111.56654
-187.10818
192.21742
106.3898
-187.65965
144.02653
-149.07393
-138.35766
-96.39841
-36.71551
167.93934
7.80043
79.4019
-128.89141
106.61488
-38.53494
-45.52236
84.00161
179.42438
-59.92895
-154.50775
114.8013
64.24381
94.5438
-156.79432
-50.83998
33.6197
85.80721
100.69479
77.94706
-148.9102
-182.48923
-189.63393
-124.73096
165.68648
31.2227
92.56776
81.56946
-86.63401
49.33887
-47.3963
-139.80488
20.61745
-67.9254
101.90239
-54.0286
51.20127
-127.30458
-85.47416
-184.17891
-1.67186
86.62917
-150.89632
37.66446
-138.79689
-110.70912
-46.10614
22.63948
80.67761
-57.27397
76.52098
155.17199
-53.32385
11.29581
-79.89221
-157.03794
147.4517
162.37295
175.78177
-52.25823
-68.48387
42.17345
96.63775
41.56518
-189.4017
132.38503
-145.74641
-111.57419
-50.34968
-47.59333
59.44348
13.57124
130.91145
133.17868
-181.08752
-78.64893
165.43915
119.00857
161.96002
-4.4518
5.802
113.82909
107.23521
-66.65792
-156.89811
-89.47039
167.38683
28.97266
-123.31703
-135.16988
-82.4358
-114.50896
-154.32969
30.22089
94.39417
26.64344
102.98241
-179.49132
85.1434
-129.23367
28.74858
167.93276
-36.11332
-35.47941
131.842
137.44295
-25.81285
-47.8709
-161.78019
-107.19837
-168.2556
-195.56479
18.95111
96.7491
-97.25844
117.08064
-176.56239
-120.951
118.17548
-104.37011
-199.29752
-53.52698
-88.02432
-38.83499
-82.47963
-24.65883
100.54004
169.96342
-125.1151
-12.68102
133.61031
-38.59126
-186.83372
-189.2024
192.7299
171.72205
-152.83464
-25.85311
195.3436
-90.64367
-4.72542
57.12961
36.63467
142.30475
-5.66769
-147.31487
-103.90245
-141.91968
27.37879
-29.88756
164.58639
63.12324
159.37219
-192.25029
106.31654
77.67984
74.18098
75.22471
24.98198
78.39112
-125.68805
108.88357
-165.31786
-116.58154
-16.75496
112.83001
-198.82962
63.60618
-9.92726
-9.97593
-40.04051
-97.81269
-101.74156
193.72879
-134.64376
89.87088
56.04113
-179.46286
57.04078
96.55842
169.26077
165.7211
86.4168
117.04938
133.64126
36.99368
-166.79244
129.95426
105.15491
-153.9129
-131.19634
38.38891
-79.04246
139.76758
21.50421
95.10641
174.94763
9.0165
193.20547
-2.16606
-173.17739
-135.3112
-85.0418
23.55992
-151.95474
140.40641
85.39939
113.15452
39.76758
-79.04654
116.19933
-24.5246
-18.72774
56.16102
-27.6602
109.40339
-166.02256
-122.8245
85.26196
-191.13307
-190.99297
-9.41926
117.51419
185.2417
-60.0765
43.44207
-188.06512
-179.78403
135.67709
3.01636
40.3279
1.10259
179.76876
187.80708
130.14128
-59.75886
-21.59737
144.57604
-152.56584
-91.32424
-146.27774
-100.19999
121.28961
-132.27471
94.95856
-32.87192
138.40332
0.57697
-123.13805
-27.25508
-80.04211
-30.40084
-164.80551
-146.65555
-22.33876
195.01882
108.43571
-121.48049
125.59981
171.11539
-183.26655
-127.8839
16.93609
-168.54775
138.02496
4.03423
-26.72736
-42.75573
-87.84328
-92.45095
20.97604
-83.94486
-192.43087
-94.93704
-89.38451
73.15517
-98.37545
136.45628
-32.5552
65.78731
190.08336
40.98664
-7.33645
38.12743
90.4663
28.10685
118.49924
24.79074
13.45899
-50.73472
-94.66053
48.93679
83.14144
-92.09164
86.93986
157.90958
158.18493
34.58721
8.82366
147.95442
-140.00514
92.42731
-182.47921
176.06812
179.12799
9.23232
71.13856
-177.55996
125.56278
153.23398
109.39159
-102.625
-113.06797
6.79026
-155.11904
65.05812
53.10824
-8.23736
193.64546
-144.68191
169.49432
-193.31008
-169.3595
101.12529
-175.54325
-167.02296
194.32125
-64.73001
112.27325
-56.59464
7.00316
175.85476
67.7998
-118.24744
149.99774
101.80668
193.76261
69.81111
80.21796
-137.10484
-127.78108
40.37824
152.86154
160.98752
139.26175
-127.29037
-171.08115
-73.93424
191.38609
-6.6499
-149.39089
-61.28844
-64.22448
-53.57859
121.82058
-192.88562
-58.94387
-49.74652
-1.78272
92.72082
181.00537
149.02889
20.92305
130.12441
-103.56151
-30.4799
47.49386
0.2077
-34.69313
-38.57382
-30.63465
173.92634
-81.79046
-107.247
-136.77684
-65.31171
98.29461
-49.15227
-19.94822
10.26897
138.19108
197.14761
-158.32013
113.34416
-88.23383
117.72072
-193.37297
64.31157
-3.77945
-68.464
91.02378
-141.48436
178.99676
-76.38914
24.22126
-195.10465
59.59343
59.27389
23.05649
64.74467
-168.98183
139.52778
37.71094
102.6204
190.19779
83.91518
-186.97408
-86.28633
94.04297
-18.41735
-37.40088
-51.03886
158.57738
-58.38667
89.69717
46.13033
137.88616
62.4031
-163.45781
-34.78878
-49.84046
-124.86875
-90.36214
-147.24413
-34.16827
-37.6035
105.26749
-73.89033
-51.61965
-58.54598
-191.77023
-111.45601
-187.23174
198.97842
151.85153
174.22272
-66.58573
8.44263
-196.43306
46.02915
-65.86528
190.72353
-177.16406
-39.05222
187.85197
-195.78174
-156.38152
-125.51134
-197.02025
-195.74748
177.01748
156.69356
115.99706
-112.4805
55.40315
4.04484
-21.8608
-19.08381
131.1568
22.97596
113.05974
-190.7329
26.19459
192.72901
164.72782
43.46235
23.52699
79.75639
41.94188
-34.70494
-86.63328
-142.51863
22.8208
-182.88342
7.69706
-81.20747
-33.70384
-63.11542
-175.04408
52.00054
109.08193
146.57946
-63.69114
-105.24747
130.33907
-134.02639
-66.3038
92.72465
57.18606
-174.2339
-186.086
104.19321
143.49879
164.68022
-62.16047
35.41017
-57.26095
102.46545
94.36075
144.23309
19.86401
64.92494
110.54882
171.43359
-107.31361
8.05328
-186.8621
-108.68343
130.91566
-5.00314
97.51159
-68.7033
193.56137
81.40039
188.43561
32.02442
132.04052
-172.46753
128.3354
-11.10545
-47.9814
-94.79032
35.44945
190.63637
33.70254
69.71696
-118.54322
-85.40626
-30.92751
-172.66923
-196.33609
74.08161
162.6534
-108.01797
121.85516
-28.21764
17.46485
-37.98505
-95.57247
110.64712
-145.17361
-186.56688
-191.99708
-67.45856
125.26081
141.23509
-195.04893
-132.09046
152.53364
86.06195
-114.53397
140.14837
-97.06774
5.16246
120.50337
-129.83946
190.03213
-45.73173
151.90696
124.84426
169.30374
152.48786
33.38138
-128.1707
7.75658
82.82353
-136.8182
-193.93728
-152.21477
197.75552
-196.84877
167.18002
-2.01118
119.78003
-1.03962
25.02011
-2.88679
-111.19442
92.796
181.14948
-141.25346
-61.56949
-56.40821
116.16028
190.51748
-132.40161
20.43206
-13.45905
188.70685
152.89162
5.34266
120.5159
-66.95174
60.9959
-57.76098
114.32568
132.48061
51.07551
111.93709
182.75329
-88.41051
-195.1506
-198.72385
199.51715
-77.23141
-40.44859
18.12636
-94.29499
-70.51815
80.53463
-186.00329
-152.72132
194.15576
115.18449
104.01312
-128.49614
90.96584
169.04279
-187.53419
111.04972
-43.56895
-156.19193
-41.03884
97.34372
136.39661
140.81148
61.96665
107.95166
-153.17783
98.39779
143.76192
49.68242
-77.85017
14.19101
-159.1183
30.55889
129.36695
-91.79181
70.0235
-50.55118
-13.97236
-182.60846
-82.8163
144.17366
80.07296
-57.46703
192.5864
98.22765
-155.97557
-165.31054
114.30032
-112.2393
97.01001
-33.26822
-18.29658
-49.53863
26.66126
-146.97573
161.696
159.26771
132.3573
-134.41307
148.14427
-146.52543
135.13164
65.18121
82.89541
-22.00883
-139.87048
-143.19697
-148.61498
-113.91117
-126.29077
-163.38724
61.37898
49.98849
149.64134
32.08054
135.23762
-112.34712
-131.52073
114.22189
-18.046
161.00516
199.74995
90.79976
-186.78421
-49.97999
82.05782
-1.27274
5.81245
91.85174
111.13198
149.2013
-107.12682
-131.89937
-129.21434
56.38443
-150.20448
124.81861
62.32619
-4.42342
84.03464
23.91929
-177.11728
-147.43906
43.74688
-128.60306
-197.27242
-189.78938
-171.49087
-51.66318
93.3596
-196.73629
81.94862
-16.63174
79.59073
33.84976
181.30506
-87.35809
1.95259
-44.62726
-31.00333
175.81929
159.81081
-40.21347
99.99317
76.65387
10.85955
-86.8586
144.42306
-168.67973
12.93857
-41.28673
105.11811
-191.72225
167.1809
145.37233
68.29723
-119.5487
171.79547
-76.84867
-121.60634
92.32034
110.0847
-104.71288
-5.71921
81.54093
182.05789
-105.42332
-18.52508
50.41104
41.2942
5.34195
-117.43307
156.73035
13.90375
124.51239
-197.20448
74.1428
-122.94292
132.34492
27.75637
47.7545
115.78037
79.07573
-110.28833
-101.58021
-168.0049
187.80054
-169.91001
28.7735
108.44989
85.9023
-1.34733
146.05503
-13.67397
29.66384
122.88285
74.02589
182.54693
135.35988
-112.18311
18.23141
127.90307
-29.4199
60.93865
-143.84347
-187.45144
-187.74738
31.76847
113.02298
-38.56156
53.59429
106.3415
-145.55488
-188.87463
-114.34234
-167.19686
151.4967
-82.73275
-92.85523
-73.68949
158.85334
121.69907
-196.85711
40.39075
180.44942
20.28236
-79.83886
122.02632
-126.75529
113.67359
132.59878
17.28669
20.92199
-60.91001
67.29025
77.16415
160.66334
142.34821
42.53178
116.20512
-43.08438
-52.40371
-115.40327
52.28757
109.22898
152.10219
-25.78342
-93.68559
-39.19456
-33.58196
32.25117
108.54336
-79.34297
-172.14556
-63.14258
172.09915
-49.07443
144.73929
-46.60354
-52.71413
139.78995
148.42551
39.91074
101.83633
66.47556
-84.67152
-89.7069
196.52321
-146.42619
-162.80076
182.86164
47.33413
178.24666
-46.95066
-199.42858
-85.25848
-112.66569
87.16743
-80.84594
-51.99924
60.12771
-132.00025
-22.03034
-152.24307
-60.52079
-97.25706
154.91872
-57.21199
-93.70419
